/*--------------------------------*- C++ -*----------------------------------*\
  =========                 |
  \\      /  F ield         | OpenFOAM: The Open Source CFD Toolbox
   \\    /   O peration     | Website:  https://openfoam.org
    \\  /    A nd           | Version:  7
     \\/     M anipulation  |
\*---------------------------------------------------------------------------*/
FoamFile
{
    version     2.0;
    format      ascii;
    class       volScalarField;
    location    "0.422";
    object      gradTx;
}
// * * * * * * * * * * * * * * * * * * * * * * * * * * * * * * * * * * * * * //

dimensions      [0 -1 0 1 0 0 0];

internalField   nonuniform List<scalar> 
1596
(
-0.19703
-0.992806
-1.79205
-2.53746
-3.23239
-3.88047
-4.5106
-5.14063
-5.79273
-6.51144
-7.30505
-8.227
-9.34445
-10.7627
-12.6121
-15.236
-19.1737
-25.5944
-36.9141
0.0440569
-0.825208
-1.60747
-2.30297
-2.93379
-3.50714
-4.04844
-4.56601
-5.07573
-5.59888
-6.13278
-6.70329
-7.31476
-7.97718
-8.66832
-9.35469
-9.88073
-9.936
-8.86689
0.241887
-0.673872
-1.42773
-2.06782
-2.6305
-3.12849
-3.5832
-3.99968
-4.38793
-4.75805
-5.10352
-5.43566
-5.74333
-6.01535
-6.21847
-6.30003
-6.13314
-5.50113
-3.98615
0.273541
-0.594836
-1.28318
-1.85354
-2.34358
-2.76813
-3.14372
-3.47422
-3.76561
-4.02214
-4.23789
-4.41659
-4.54586
-4.61152
-4.58675
-4.42866
-4.05352
-3.32837
-2.00161
0.0814275
-0.623902
-1.19973
-1.68184
-2.09419
-2.4479
-2.75312
-3.01266
-3.22957
-3.40468
-3.53425
-3.61799
-3.6463
-3.60713
-3.48233
-3.24118
-2.83256
-2.17794
-1.13018
-0.318166
-0.773592
-1.19533
-1.57071
-1.89967
-2.18412
-2.42635
-2.62712
-2.78681
-2.90393
-2.97676
-3.00273
-2.97536
-2.88543
-2.72172
-2.46283
-2.07862
-1.52285
-0.710026
-0.84912
-1.03055
-1.27556
-1.53047
-1.77064
-1.98586
-2.16991
-2.32018
-2.43433
-2.5089
-2.54327
-2.53357
-2.4756
-2.36254
-2.18782
-1.93653
-1.59129
-1.12457
-0.48641
-1.40361
-1.34556
-1.41838
-1.55034
-1.70037
-1.84713
-1.97664
-2.08214
-2.15843
-2.20031
-2.20721
-2.17454
-2.09948
-1.97695
-1.80333
-1.56815
-1.26162
-0.86725
-0.355641
-1.97447
-1.74679
-1.66702
-1.67652
-1.73181
-1.80517
-1.87707
-1.93655
-1.97558
-1.98713
-1.96983
-1.91852
-1.83093
-1.70304
-1.53287
-1.31301
-1.038
-0.697879
-0.274945
-2.31101
-2.02042
-1.85005
-1.77146
-1.75194
-1.7646
-1.78837
-1.80962
-1.81836
-1.80625
-1.77084
-1.70677
-1.61196
-1.48318
-1.31949
-1.11573
-0.869163
-0.574002
-0.219591
-2.57972
-2.26311
-2.03909
-1.89637
-1.81511
-1.77359
-1.75243
-1.73719
-1.71679
-1.68208
-1.62944
-1.55339
-1.45171
-1.32167
-1.16283
-0.971607
-0.746876
-0.485523
-0.181336
-2.84877
-2.53142
-2.27557
-2.08415
-1.9491
-1.85577
-1.78876
-1.73453
-1.68202
-1.6217
-1.54903
-1.4583
-1.34702
-1.21262
-1.05484
-0.871094
-0.661183
-0.423622
-0.154867
-2.90671
-2.63343
-2.38525
-2.17952
-2.01866
-1.8953
-1.79882
-1.71796
-1.64271
-1.56394
-1.47674
-1.37554
-1.25771
-1.12096
-0.965189
-0.788677
-0.591871
-0.374421
-0.13446
-2.90455
-2.67938
-2.45491
-2.25206
-2.08022
-1.93843
-1.8209
-1.7193
-1.62529
-1.53066
-1.43056
-1.31965
-1.19529
-1.05539
-0.900027
-0.728128
-0.540624
-0.337969
-0.11946
-2.87702
-2.69562
-2.5003
-2.31026
-2.13772
-1.98633
-1.85449
-1.73699
-1.62755
-1.51917
-1.4074
-1.28726
-1.15615
-1.01217
-0.855542
-0.685737
-0.504097
-0.311677
-0.108576
-2.78387
-2.64842
-2.48752
-2.31962
-2.1576
-2.00775
-1.8715
-1.74641
-1.62822
-1.51131
-1.3919
-1.26543
-1.12945
-0.982242
-0.824218
-0.655366
-0.477517
-0.292323
-0.100507
-2.62509
-2.53225
-2.40801
-2.26861
-2.12625
-1.98822
-1.85773
-1.73436
-1.61556
-1.49698
-1.37558
-1.24724
-1.10968
-0.961311
-0.802699
-0.634358
-0.458757
-0.278346
-0.0945806
-2.44569
-2.37983
-2.28741
-2.17714
-2.05841
-1.93813
-1.82018
-1.70537
-1.59241
-1.47798
-1.35966
-1.23371
-1.09788
-0.950559
-0.792266
-0.623874
-0.448578
-0.269964
-0.0906842
-2.29581
-2.25234
-2.18522
-2.09957
-2.00202
-1.89849
-1.7931
-1.68749
-1.58137
-1.47232
-1.35842
-1.23619
-1.10328
-0.957752
-0.799623
-0.629596
-0.451297
-0.269696
-0.0894398
-2.05114
-2.03557
-1.99593
-1.93854
-1.86845
-1.79023
-1.70738
-1.62156
-1.53286
-1.43926
-1.3391
-1.22901
-1.10644
-0.968989
-0.815815
-0.646754
-0.465081
-0.277022
-0.090563
-1.78727
-1.79415
-1.77948
-1.74882
-1.70616
-1.65496
-1.59787
-1.53625
-1.47012
-1.39756
-1.31683
-1.2245
-1.11774
-0.99362
-0.850116
-0.685253
-0.5001
-0.300082
-0.0968955
-1.51739
-1.5398
-1.54665
-1.54087
-1.52507
-1.5016
-1.47228
-1.438
-1.39853
-1.35173
-1.29553
-1.22621
-1.14065
-1.03551
-0.907862
-0.753513
-0.569082
-0.353799
-0.116327
-1.22297
-1.25454
-1.27956
-1.29768
-1.30953
-1.31608
-1.31822
-1.31617
-1.30925
-1.29489
-1.27017
-1.23085
-1.17325
-1.09407
-0.990416
-0.857286
-0.686927
-0.467184
-0.182887
-0.894378
-0.89187
-0.884701
-0.873144
-0.859537
-0.846782
-0.837991
-0.835068
-0.838385
-0.845871
-0.853113
-0.853982
-0.842438
-0.813417
-0.763258
-0.687959
-0.58074
-0.425519
-0.190702
-0.600882
-0.684447
-0.789805
-0.908207
-1.03311
-1.15892
-1.28174
-1.39794
-1.50408
-1.59587
-1.66716
-1.71191
-1.72479
-1.70416
-1.65111
-1.56797
-1.45321
-1.29658
-1.06912
-0.208134
-0.259109
-0.33006
-0.415154
-0.510033
-0.611345
-0.717499
-0.827049
-0.938693
-1.04964
-1.15337
-1.24234
-1.307
-1.34133
-1.344
-1.32097
-1.27905
-1.2268
-1.16749
0.187012
0.122939
0.0337523
-0.0745551
-0.19647
-0.327663
-0.465717
-0.609266
-0.757539
-0.908737
-1.05709
-1.19415
-1.3078
-1.3877
-1.42858
-1.43517
-1.41625
-1.38339
-1.34277
0.58593
0.502129
0.388572
0.25273
0.101258
-0.0606023
-0.229838
-0.405323
-0.587138
-0.775018
-0.965071
-1.14923
-1.31371
-1.44329
-1.52653
-1.56383
-1.56449
-1.54335
-1.51
0.953666
0.84152
0.697709
0.531805
0.351295
0.161976
-0.0330963
-0.233403
-0.440299
-0.655648
-0.878495
-1.10311
-1.31608
-1.49819
-1.62993
-1.70336
-1.72457
-1.71159
-1.6801
1.34551
1.2004
1.02391
0.826709
0.616982
0.401053
0.181905
-0.0405001
-0.268689
-0.506673
-0.756922
-1.01791
-1.27958
-1.52174
-1.71677
-1.84383
-1.89823
-1.8972
-1.86495
1.65629
1.47183
1.26042
1.03346
0.799625
0.565035
0.331903
0.0991876
-0.136877
-0.382309
-0.642986
-0.922903
-1.21892
-1.51571
-1.78246
-1.98437
-2.09545
-2.11934
-2.08361
1.96283
1.74274
1.49703
1.24156
0.985853
0.735542
0.491948
0.253214
0.0148993
-0.230061
-0.489739
-0.773201
-1.08619
-1.42506
-1.76641
-2.07079
-2.28604
-2.38108
-2.36622
2.26503
1.99927
1.71648
1.43349
1.15894
0.896999
0.64771
0.40842
0.174572
-0.0607914
-0.30587
-0.571968
-0.871777
-1.21618
-1.60136
-2.00619
-2.37133
-2.62342
-2.68708
2.48977
2.15446
1.81444
1.48485
1.17164
0.876531
0.597693
0.33162
0.0737102
-0.182216
-0.443078
-0.719106
-1.0243
-1.37828
-1.79907
-2.30352
-2.87515
-3.46413
-3.97105
2.66131
2.28789
1.93638
1.61731
1.33129
1.07625
0.847812
0.641759
0.45386
0.280045
0.117286
-0.0384417
-0.19186
-0.351295
-0.530773
-0.758142
-1.06632
-1.49488
-2.06895
2.81478
2.42067
2.07517
1.77616
1.51698
1.29172
1.09386
0.918513
0.761519
0.619296
0.490179
0.372621
0.266329
0.171854
0.090829
0.0230675
-0.0336744
-0.0905374
-0.169053
2.73138
2.27852
1.89807
1.57623
1.30107
1.06393
0.856989
0.674684
0.512653
0.36726
0.236969
0.120402
0.0172671
-0.0718383
-0.144896
-0.199802
-0.233008
-0.241394
-0.223471
2.45272
2.02649
1.67696
1.38703
1.14354
0.937001
0.759579
0.605691
0.471198
0.35281
0.248942
0.158233
0.0799393
0.0136991
-0.0404435
-0.0830264
-0.114565
-0.136109
-0.149047
2.07911
1.71075
1.41083
1.16449
0.959834
0.788021
0.642
0.516648
0.408255
0.31387
0.231827
0.160698
0.0993344
0.0468346
0.00254159
-0.0345505
-0.0652914
-0.0904958
-0.111084
1.59089
1.30126
1.06896
0.880681
0.726114
0.597656
0.489501
0.397422
0.318411
0.25007
0.190917
0.139705
0.0953227
0.056885
0.0237399
-0.00489719
-0.029601
-0.0507482
-0.0688063
1.01346
0.819589
0.668619
0.548615
0.451397
0.371338
0.304408
0.247725
0.199284
0.157496
0.121329
0.0899381
0.0625342
0.038494
0.0173614
-0.00135477
-0.0179847
-0.0326516
-0.0455216
0.392467
0.315998
0.258355
0.213109
0.176548
0.146353
0.120968
0.0993099
0.0806321
0.0643503
0.0500725
0.0374797
0.0262701
0.0162004
0.00708407
-0.00127444
-0.00901644
-0.0161919
-0.0228492
-0.392279
-0.315604
-0.257839
-0.212531
-0.175946
-0.145755
-0.120394
-0.0987727
-0.0801424
-0.0639154
-0.0496971
-0.037167
-0.026022
-0.0160182
-0.0069682
0.00132358
0.00899883
0.0161082
0.0227006
-1.01329
-0.819253
-0.668186
-0.548134
-0.450904
-0.37086
-0.303962
-0.247326
-0.198941
-0.157215
-0.121116
-0.0897953
-0.0624625
-0.0384934
-0.0174309
0.00121641
0.0177795
0.0323825
0.0451925
-1.59073
-1.30095
-1.06856
-0.880217
-0.725623
-0.597161
-0.489022
-0.396972
-0.318
-0.249707
-0.190605
-0.139446
-0.0951165
-0.0567286
-0.0236279
0.00497139
0.0296454
0.0507711
0.0688156
-2.07901
-1.71057
-1.4106
-1.16423
-0.959569
-0.787768
-0.641776
-0.516465
-0.408124
-0.3138
-0.231822
-0.160759
-0.0994605
-0.0470197
-0.00277645
0.0342777
0.064994
0.0901865
0.110774
-2.45268
-2.02642
-1.67686
-1.38691
-1.14341
-0.936873
-0.759473
-0.605621
-0.471176
-0.352848
-0.249048
-0.158412
-0.0801899
-0.0140162
0.0400737
0.0826247
0.114159
0.135731
0.148732
-2.73143
-2.27857
-1.89811
-1.57625
-1.30108
-1.06395
-0.857032
-0.674771
-0.512801
-0.367491
-0.237299
-0.12085
-0.0178463
0.0711199
0.144047
0.198856
0.232042
0.240531
0.222853
-2.81484
-2.42054
-2.07475
-1.77539
-1.51584
-1.2902
-1.09196
-0.916248
-0.758898
-0.616328
-0.486873
-0.368984
-0.262361
-0.167556
-0.0862308
-0.0182922
0.0382994
0.0943007
0.170758
-2.66187
-2.28933
-1.93876
-1.62064
-1.33559
-1.08151
-0.854043
-0.648975
-0.462087
-0.289326
-0.127697
0.0267773
0.178728
0.336334
0.513428
0.737616
1.04178
1.46583
2.03584
-2.48962
-2.154
-1.81357
-1.48352
-1.16983
-0.874242
-0.59493
-0.328404
-0.0700737
0.18623
0.447409
0.723671
1.02899
1.38299
1.80379
2.30849
2.88115
3.47253
3.98376
-2.26524
-1.99974
-1.71718
-1.43437
-1.15996
-0.898148
-0.648963
-0.409773
-0.176029
0.0592115
0.304133
0.570033
0.869621
1.21386
1.59911
2.00445
2.37067
2.62419
2.68882
-1.96296
-1.74305
-1.49747
-1.24211
-0.986488
-0.736244
-0.492709
-0.254035
-0.015791
0.229081
0.488653
0.77201
1.08495
1.42391
1.76563
2.07067
2.28676
2.38252
2.36805
-1.65642
-1.47211
-1.26084
-1.03399
-0.800247
-0.565727
-0.332651
-0.0999875
0.136026
0.381406
0.642041
0.921957
1.21807
1.51512
1.7823
1.98478
2.09638
2.12059
2.08497
-1.34563
-1.20067
-1.02431
-0.827229
-0.617597
-0.40174
-0.182647
0.0397155
0.267873
0.505842
0.756107
1.01717
1.27903
1.52149
1.71692
1.84439
1.8991
1.89825
1.86608
-0.953763
-0.841757
-0.698074
-0.532282
-0.351861
-0.162609
0.0324176
0.232696
0.439583
0.65495
0.877858
1.1026
1.31579
1.49819
1.63025
1.70397
1.72538
1.71253
1.68113
-0.586029
-0.502365
-0.388937
-0.253207
-0.101826
0.0599693
0.229164
0.404633
0.586458
0.774384
0.964532
1.14885
1.31355
1.44339
1.5269
1.56443
1.56526
1.54424
1.51101
-0.187093
-0.123153
-0.0340924
0.0741054
0.195933
0.327066
0.465087
0.608633
0.756933
0.9082
1.05667
1.1939
1.30776
1.38789
1.42901
1.43579
1.41704
1.38433
1.34386
0.207962
0.25858
0.329138
0.41383
0.508323
0.609288
0.715153
0.824484
0.935995
1.04691
1.15069
1.23983
1.30472
1.33935
1.34233
1.31965
1.27815
1.2265
1.16814
0.601014
0.684936
0.790768
0.909729
1.03524
1.16166
1.28508
1.40183
1.50845
1.60063
1.67221
1.71718
1.73018
1.70959
1.65653
1.57334
1.45849
1.30172
1.07402
0.894265
0.891425
0.883897
0.871986
0.858056
0.84503
0.836036
0.832982
0.836242
0.843742
0.851061
0.852056
0.840678
0.811848
0.761895
0.686812
0.579824
0.424865
0.190398
1.22306
1.25471
1.27983
1.29803
1.30995
1.31654
1.3187
1.31666
1.30972
1.29533
1.27055
1.23117
1.17351
1.09428
0.990558
0.857366
0.686947
0.467157
0.182854
1.51742
1.53984
1.5467
1.54094
1.52515
1.50169
1.47237
1.4381
1.39861
1.35181
1.2956
1.22627
1.14068
1.03553
0.907865
0.753498
0.569053
0.353768
0.116313
1.78731
1.79419
1.77954
1.74888
1.70623
1.65503
1.59794
1.53632
1.47019
1.39762
1.31688
1.22453
1.11777
0.993631
0.850115
0.685241
0.500083
0.300067
0.0968904
2.05117
2.03561
1.99598
1.9386
1.86851
1.7903
1.70744
1.62162
1.53292
1.43931
1.33914
1.22903
1.10646
0.968995
0.815812
0.646746
0.465071
0.277015
0.0905606
2.29584
2.25238
2.18527
2.09962
2.00208
1.89855
1.79315
1.68754
1.58142
1.47236
1.35845
1.23621
1.10329
0.957756
0.799621
0.629591
0.451291
0.269692
0.0894386
2.44571
2.37986
2.28745
2.17718
2.05846
1.93818
1.82022
1.70541
1.59244
1.47801
1.35968
1.23372
1.09789
0.950561
0.792265
0.623872
0.448575
0.269962
0.0906836
2.62511
2.53228
2.40804
2.26865
2.12628
1.98826
1.85777
1.73439
1.61559
1.497
1.37559
1.24725
1.10969
0.961313
0.802699
0.634356
0.458756
0.278345
0.0945804
2.78389
2.64844
2.48755
2.31965
2.15764
2.00778
1.87153
1.74644
1.62825
1.51133
1.39191
1.26544
1.12945
0.982245
0.82422
0.655367
0.477517
0.292323
0.100507
2.87703
2.69563
2.50032
2.31028
2.13774
1.98635
1.85451
1.73701
1.62757
1.51918
1.40741
1.28726
1.15615
1.01217
0.855545
0.685739
0.504099
0.311679
0.108577
2.90456
2.6794
2.45493
2.25208
2.08023
1.93845
1.82091
1.71931
1.6253
1.53067
1.43057
1.31966
1.19529
1.05539
0.90003
0.728132
0.540627
0.337971
0.119461
2.90672
2.63345
2.38527
2.17954
2.01868
1.89532
1.79884
1.71798
1.64272
1.56395
1.47675
1.37555
1.25772
1.12096
0.965195
0.788683
0.591876
0.374424
0.134462
2.84877
2.53142
2.27557
2.08415
1.94909
1.85577
1.78876
1.73453
1.68202
1.6217
1.54903
1.4583
1.34702
1.21262
1.05484
0.871097
0.661186
0.423625
0.154868
2.57974
2.26313
2.0391
1.89638
1.81511
1.77359
1.75244
1.73719
1.71679
1.68208
1.62944
1.55339
1.45171
1.32168
1.16284
0.971612
0.74688
0.485526
0.181338
2.31105
2.02044
1.85007
1.77147
1.75195
1.76461
1.78837
1.80963
1.81836
1.80625
1.77084
1.70678
1.61196
1.48319
1.3195
1.11573
0.869167
0.574006
0.219592
1.9745
1.74681
1.66703
1.67653
1.73182
1.80517
1.87707
1.93655
1.97558
1.98713
1.96983
1.91852
1.83093
1.70304
1.53288
1.31301
1.03801
0.697882
0.274946
1.40363
1.34558
1.41839
1.55035
1.70037
1.84713
1.97663
2.08213
2.15843
2.2003
2.20721
2.17454
2.09948
1.97695
1.80333
1.56815
1.26162
0.86725
0.355641
0.849139
1.03057
1.27557
1.53047
1.77064
1.98586
2.16991
2.32018
2.43433
2.5089
2.54326
2.53357
2.4756
2.36253
2.18782
1.93653
1.59128
1.12457
0.48641
0.318179
0.773601
1.19534
1.57072
1.89967
2.18412
2.42635
2.62711
2.78681
2.90393
2.97675
3.00273
2.97535
2.88543
2.72172
2.46283
2.07862
1.52285
0.710025
-0.0814189
0.623908
1.19973
1.68184
2.09419
2.4479
2.75311
3.01266
3.22957
3.40467
3.53424
3.61798
3.64629
3.60712
3.48232
3.24118
2.83255
2.17793
1.13018
-0.273537
0.594839
1.28319
1.85354
2.34358
2.76813
3.14372
3.47422
3.76561
4.02214
4.23788
4.41658
4.54585
4.61152
4.58675
4.42865
4.05351
3.32836
2.00161
-0.241886
0.673872
1.42773
2.06782
2.63049
3.12848
3.5832
3.99968
4.38792
4.75804
5.10351
5.43566
5.74332
6.01534
6.21847
6.30002
6.13314
5.50113
3.98615
-0.0440565
0.825206
1.60746
2.30296
2.93378
3.50714
4.04844
4.56601
5.07573
5.59888
6.13277
6.70329
7.31475
7.97717
8.66832
9.35469
9.88072
9.93599
8.86689
0.197028
0.9928
1.79205
2.53745
3.23238
3.88047
4.5106
5.14063
5.79273
6.51144
7.30505
8.227
9.34445
10.7627
12.6121
15.236
19.1737
25.5944
36.9141
)
;

boundaryField
{
    up
    {
        type            calculated;
        value           nonuniform List<scalar> 
84
(
-36.9141
-8.86689
-3.98615
-2.00161
-1.13018
-0.710026
-0.48641
-0.355641
-0.274945
-0.219591
-0.181336
-0.154867
-0.13446
-0.11946
-0.108576
-0.100507
-0.0945806
-0.0906842
-0.0894398
-0.090563
-0.0968955
-0.116327
-0.182887
-0.190702
-0.92341
-1.10692
-1.28936
-1.45732
-1.62494
-1.80393
-2.00914
-2.25347
-2.51295
-3.98409
-2.1571
-0.173851
-0.223761
-0.149075
-0.111082
-0.0688143
-0.0455304
-0.022862
0.0227133
0.0452014
0.0688238
0.110773
0.14876
0.22314
0.175498
2.12276
3.9994
2.51443
2.25505
2.01043
1.80504
1.62596
1.45834
1.29049
1.10801
0.927926
0.190398
0.182854
0.116313
0.0968904
0.0905606
0.0894386
0.0906836
0.0945804
0.100507
0.108577
0.119461
0.134462
0.154868
0.181338
0.219592
0.274946
0.355641
0.48641
0.710025
1.13018
2.00161
3.98615
8.86689
36.9141
)
;
    }
    low
    {
        type            calculated;
        value           nonuniform List<scalar> 
84
(
-0.178182
0.071656
0.28707
0.323259
0.112972
-0.324039
-0.897627
-1.48498
-2.06748
-2.38486
-2.64145
-2.89373
-2.91679
-2.89268
-2.85108
-2.7392
-2.56547
-2.38301
-2.22505
-1.96574
-1.69654
-1.42799
-1.13825
-0.821644
-0.545159
-0.188171
0.164152
0.527964
0.876761
1.26439
1.58431
1.89879
2.21528
2.46144
2.65155
2.82857
2.77254
2.5026
2.12696
1.63104
1.041
0.404231
-0.404042
-1.04083
-1.63087
-2.12684
-2.50252
-2.77255
-2.82858
-2.65202
-2.4613
-2.21545
-1.89891
-1.58443
-1.2645
-0.87686
-0.528066
-0.164233
0.188004
0.545288
0.821539
1.13833
1.42802
1.69657
1.96577
2.22508
2.38304
2.56549
2.73922
2.85108
2.89269
2.91681
2.89373
2.64147
2.3849
2.06751
1.485
0.897647
0.324053
-0.112963
-0.323254
-0.287068
-0.0716543
0.178181
)
;
    }
    left
    {
        type            calculated;
        value           nonuniform List<scalar> 
19
(
-0.174378
-0.95179
-1.7662
-2.53618
-3.25998
-3.93765
-4.60088
-5.27077
-5.96964
-6.75518
-7.63463
-8.66999
-9.9516
-11.6242
-13.8537
-17.126
-22.1898
-30.6777
-32.0189
)
;
    }
    right
    {
        type            calculated;
        value           nonuniform List<scalar> 
19
(
0.174375
0.951781
1.76619
2.53617
3.25997
3.93764
4.60088
5.27077
5.96964
6.75518
7.63463
8.66999
9.9516
11.6242
13.8537
17.126
22.1898
30.6777
32.0189
)
;
    }
    frontAndBackPlanes
    {
        type            empty;
    }
}


// ************************************************************************* //
