/*--------------------------------*- C++ -*----------------------------------*\
  =========                 |
  \\      /  F ield         | OpenFOAM: The Open Source CFD Toolbox
   \\    /   O peration     | Website:  https://openfoam.org
    \\  /    A nd           | Version:  7
     \\/     M anipulation  |
\*---------------------------------------------------------------------------*/
FoamFile
{
    version     2.0;
    format      ascii;
    class       volScalarField;
    location    "0.194";
    object      gradTy;
}
// * * * * * * * * * * * * * * * * * * * * * * * * * * * * * * * * * * * * * //

dimensions      [0 -1 0 1 0 0 0];

internalField   nonuniform List<scalar> 
1596
(
-0.412865
-0.765123
-1.05027
-1.31936
-1.57135
-1.83953
-2.10817
-2.41489
-2.77337
-3.19338
-3.77388
-4.51325
-5.54558
-7.02701
-9.34528
-12.9748
-19.4743
-31.4743
-74.3502
-1.25565
-1.54303
-1.73082
-1.89678
-2.04998
-2.22861
-2.42056
-2.66126
-2.9646
-3.33301
-3.8501
-4.50566
-5.38985
-6.57336
-8.25556
-10.5351
-13.9327
-18.9308
-33.1163
-2.24212
-2.33091
-2.37185
-2.41647
-2.46418
-2.54842
-2.65611
-2.81877
-3.04717
-3.33875
-3.76293
-4.30111
-5.01605
-5.93997
-7.19404
-8.79114
-11.0145
-14.065
-20.6041
-3.26959
-3.09363
-2.96291
-2.87717
-2.81689
-2.80474
-2.82495
-2.90356
-3.04792
-3.25219
-3.57363
-3.9893
-4.54392
-5.25014
-6.18516
-7.32862
-8.84742
-10.8217
-14.1969
-4.20908
-3.78777
-3.49287
-3.28117
-3.11694
-3.01087
-2.94497
-2.93924
-2.99822
-3.11443
-3.33481
-3.63584
-4.05021
-4.58106
-5.2802
-6.11651
-7.1954
-8.54271
-10.5039
-4.94665
-4.37203
-3.95122
-3.6322
-3.37539
-3.18276
-3.03625
-2.95027
-2.92759
-2.96037
-3.08684
-3.28531
-3.58018
-3.97031
-4.49199
-5.113
-5.90351
-6.86492
-8.12784
-5.42355
-4.81483
-4.32675
-3.93137
-3.60036
-3.33325
-3.11504
-2.95605
-2.85842
-2.81504
-2.85676
-2.96509
-3.15845
-3.43406
-3.81817
-4.2813
-4.87195
-5.58106
-6.45895
-5.64363
-5.09792
-4.60519
-4.17204
-3.79114
-3.46604
-3.18818
-2.96597
-2.80217
-2.69128
-2.65809
-2.68794
-2.79478
-2.97553
-3.24959
-3.59156
-4.03577
-4.56954
-5.21132
-5.65855
-5.24572
-4.80079
-4.36645
-3.95994
-3.59371
-3.26818
-2.99232
-2.77074
-2.60028
-2.50112
-2.46242
-2.49487
-2.59566
-2.77929
-3.02447
-3.35576
-3.75986
-4.24183
-5.51118
-5.23897
-4.87547
-4.47456
-4.07033
-3.68508
-3.32881
-3.01325
-2.74584
-2.52637
-2.3719
-2.2752
-2.24472
-2.27825
-2.38685
-2.55315
-2.79492
-3.09988
-3.46733
-5.33235
-5.15806
-4.87481
-4.52227
-4.13804
-3.75031
-3.37701
-3.03351
-2.73062
-2.47146
-2.27123
-2.12601
-2.04279
-2.02006
-2.06632
-2.16756
-2.33663
-2.56267
-2.84252
-5.11527
-5.04043
-4.83359
-4.53361
-4.17832
-3.7986
-3.41802
-3.05547
-2.72525
-2.43382
-2.19561
-2.00965
-1.88209
-1.81214
-1.8064
-1.85361
-1.96294
-2.12505
-2.33585
-4.84907
-4.86234
-4.72924
-4.48516
-4.16645
-3.8051
-3.42793
-3.05693
-2.70937
-2.39486
-2.12789
-1.91002
-1.74708
-1.63904
-1.59116
-1.59447
-1.65554
-1.76649
-1.92301
-4.61581
-4.67781
-4.60142
-4.40689
-4.1244
-3.78492
-3.41651
-3.04342
-2.68534
-2.35455
-2.06612
-1.82366
-1.63305
-1.49489
-1.41349
-1.38167
-1.40407
-1.47402
-1.58741
-4.40223
-4.50249
-4.46853
-4.31434
-4.06392
-3.74591
-3.38828
-3.0167
-2.65269
-2.3107
-2.00657
-1.7456
-1.53385
-1.37245
-1.26501
-1.20566
-1.19762
-1.23522
-1.31464
-4.19386
-4.33158
-4.33305
-4.21191
-3.98873
-3.6902
-3.34363
-2.97559
-2.6089
-2.25976
-1.9448
-1.67062
-1.4435
-1.26498
-1.1381
-1.05794
-1.02661
-1.03928
-1.09242
-4.00627
-4.17003
-4.19998
-4.10552
-3.90446
-3.62217
-3.28539
-2.92133
-2.55383
-2.20041
-1.87843
-1.59546
-1.35794
-1.16763
-1.02703
-0.931886
-0.883438
-0.877411
-0.910601
-3.84291
-4.02535
-4.07759
-4.0041
-3.82014
-3.55007
-3.2205
-2.85926
-2.49118
-2.13489
-1.80832
-1.51974
-1.27565
-1.07779
-0.928153
-0.8228
-0.762245
-0.742606
-0.760904
-3.67755
-3.89527
-3.97203
-3.91741
-3.74711
-3.48551
-3.15987
-2.79901
-2.4289
-2.06938
-1.73886
-1.44621
-1.1978
-0.995224
-0.839816
-0.727734
-0.658808
-0.629395
-0.636669
-3.50472
-3.76411
-3.8701
-3.83548
-3.67791
-3.423
-3.09946
-2.73754
-2.36467
-2.00195
-1.66833
-1.37314
-1.12252
-0.917742
-0.759363
-0.643398
-0.569045
-0.532855
-0.532166
-3.35623
-3.64542
-3.7794
-3.76464
-3.61872
-3.36864
-3.04504
-2.68013
-2.30309
-1.93647
-1.59978
-1.30277
-1.05124
-0.845959
-0.686568
-0.568641
-0.490704
-0.449531
-0.44289
-3.22331
-3.54119
-3.70175
-3.70643
-3.57157
-3.32513
-2.99993
-2.63042
-2.24786
-1.87645
-1.53631
-1.23763
-0.98584
-0.781097
-0.621967
-0.503211
-0.422396
-0.376461
-0.364392
-3.09873
-3.44873
-3.63638
-3.66049
-3.53648
-3.2931
-2.96544
-2.59036
-2.20141
-1.82452
-1.48053
-1.18008
-0.928256
-0.724637
-0.566656
-0.447858
-0.364097
-0.311395
-0.290971
-2.9859
-3.36798
-3.5812
-3.62202
-3.50583
-3.26218
-2.9292
-2.54606
-2.14888
-1.76567
-1.41718
-1.11519
-0.864132
-0.66308
-0.508167
-0.391855
-0.306903
-0.245419
-0.201316
-2.89303
-3.305
-3.54923
-3.61848
-3.52727
-3.30328
-2.98504
-2.61113
-2.21839
-1.83617
-1.4846
-1.17754
-0.919505
-0.711054
-0.548739
-0.426245
-0.33479
-0.26483
-0.204271
-2.82715
-3.25754
-3.52148
-3.61288
-3.54481
-3.34259
-3.04307
-2.68323
-2.29916
-1.92057
-1.56708
-1.25401
-0.986706
-0.767236
-0.593522
-0.461531
-0.363413
-0.291692
-0.237047
-2.82313
-3.25629
-3.52771
-3.63188
-3.58039
-3.39694
-3.11574
-2.77196
-2.39999
-2.02867
-1.67718
-1.36076
-1.0853
-0.854111
-0.667016
-0.522237
-0.413665
-0.33494
-0.277276
-2.88821
-3.30777
-3.57132
-3.67486
-3.62945
-3.45758
-3.19096
-2.86247
-2.50423
-2.14345
-1.79803
-1.48234
-1.20181
-0.960231
-0.759035
-0.599174
-0.477026
-0.387914
-0.323356
-3.01427
-3.41061
-3.65372
-3.74512
-3.69662
-3.52987
-3.27419
-2.95992
-2.61653
-2.26914
-1.93379
-1.62339
-1.34191
-1.09239
-0.876909
-0.699266
-0.559323
-0.455502
-0.380106
-3.19669
-3.55484
-3.76633
-3.83679
-3.77849
-3.61215
-3.36492
-3.06436
-2.73714
-2.40611
-2.08521
-1.78575
-1.50948
-1.25726
-1.02975
-0.832572
-0.66966
-0.545006
-0.45353
-3.4315
-3.73798
-3.91126
-3.9554
-3.88285
-3.7135
-3.47253
-3.18472
-2.87396
-2.56098
-2.25777
-1.97457
-1.71089
-1.46441
-1.23151
-1.01638
-0.825084
-0.66994
-0.553246
-3.68177
-3.94396
-4.07872
-4.09441
-4.0055
-3.83146
-3.59569
-3.32017
-3.0261
-2.73235
-2.44934
-2.1873
-1.94477
-1.71691
-1.49376
-1.27303
-1.05494
-0.857026
-0.697155
-3.96442
-4.17804
-4.27044
-4.25465
-4.1471
-3.96668
-3.73488
-3.47078
-3.19284
-2.91812
-2.65573
-2.41697
-2.20161
-2.00574
-1.81531
-1.62042
-1.40376
-1.16954
-0.924461
-4.29228
-4.44924
-4.49554
-4.4469
-4.32084
-4.13522
-3.90901
-3.65834
-3.39876
-3.14525
-2.90604
-2.69318
-2.50968
-2.35722
-2.22655
-2.11057
-1.98277
-1.8295
-1.63357
-4.65288
-4.74609
-4.73558
-4.64311
-4.48725
-4.28492
-4.05204
-3.8022
-3.54807
-3.30139
-3.0697
-2.86274
-2.685
-2.54148
-2.43221
-2.36134
-2.31933
-2.29856
-2.28299
-5.05739
-5.06561
-4.98593
-4.84147
-4.64913
-4.42391
-4.17858
-3.92471
-3.67268
-3.43145
-3.2084
-3.01025
-2.84094
-2.70362
-2.59977
-2.53155
-2.49893
-2.50366
-2.54695
-5.50156
-5.40773
-5.25575
-5.0604
-4.83354
-4.58668
-4.32972
-4.07216
-3.82257
-3.58812
-3.37535
-3.18912
-3.03215
-2.90562
-2.8091
-2.73989
-2.69406
-2.66634
-2.65103
-5.90373
-5.71577
-5.49761
-5.25534
-4.99618
-4.7282
-4.45895
-4.1958
-3.94567
-3.71424
-3.50665
-3.32661
-3.17568
-3.05405
-2.96056
-2.89232
-2.84543
-2.81555
-2.79789
-6.22558
-5.97167
-5.70329
-5.42413
-5.13918
-4.85424
-4.57509
-4.30742
-4.05682
-3.82775
-3.62434
-3.44949
-3.30403
-3.18769
-3.09905
-3.03513
-2.99213
-2.96584
-2.9516
-6.48036
-6.17547
-5.86815
-5.56039
-5.25543
-4.95735
-4.67051
-4.39929
-4.14825
-3.92093
-3.72075
-3.55002
-3.40911
-3.29743
-3.21336
-3.15386
-3.11507
-3.09287
-3.08264
-6.66506
-6.32207
-5.98556
-5.65685
-5.33758
-5.03031
-4.73817
-4.46457
-4.21331
-3.98731
-3.78953
-3.62186
-3.4844
-3.37632
-3.29586
-3.23983
-3.2043
-3.18504
-3.17738
-6.78603
-6.40593
-6.04823
-5.7066
-5.37932
-5.0672
-4.77243
-4.49775
-4.24655
-4.02141
-3.82503
-3.65915
-3.5237
-3.41778
-3.33961
-3.28601
-3.25306
-3.23655
-3.23178
-6.78606
-6.40599
-6.0483
-5.70668
-5.37941
-5.06729
-4.77252
-4.49785
-4.24665
-4.02152
-3.82514
-3.65926
-3.52381
-3.4179
-3.33974
-3.28615
-3.2532
-3.2367
-3.23194
-6.66511
-6.32219
-5.98573
-5.65704
-5.3378
-5.03054
-4.73843
-4.46484
-4.21359
-3.98761
-3.78983
-3.62218
-3.48474
-3.37667
-3.29624
-3.24024
-3.20475
-3.18553
-3.17791
-6.48044
-6.17566
-5.86841
-5.5607
-5.25578
-4.95773
-4.67092
-4.39972
-4.1487
-3.9214
-3.72125
-3.55054
-3.40966
-3.29801
-3.21398
-3.15451
-3.11578
-3.09363
-3.08345
-6.22568
-5.97191
-5.70362
-5.42453
-5.13962
-4.85473
-4.57561
-4.30798
-4.0574
-3.82835
-3.62498
-3.45015
-3.30472
-3.18842
-3.09981
-3.03594
-2.99298
-2.96674
-2.95255
-5.90384
-5.71604
-5.49799
-5.2558
-4.9967
-4.72878
-4.45957
-4.19646
-3.94637
-3.71497
-3.50741
-3.32741
-3.1765
-3.05491
-2.96146
-2.89325
-2.84641
-2.81657
-2.79897
-5.50168
-5.40802
-5.25617
-5.06091
-4.83412
-4.58732
-4.33041
-4.07289
-3.82335
-3.58893
-3.3762
-3.19
-3.03306
-2.90656
-2.81005
-2.74086
-2.69502
-2.6673
-2.65198
-5.05753
-5.06595
-4.98644
-4.84214
-4.64993
-4.42483
-4.17961
-3.92584
-3.67391
-3.43278
-3.20983
-3.01178
-2.84259
-2.70537
-2.60164
-2.53345
-2.50076
-2.50519
-2.54786
-4.65297
-4.74615
-4.73567
-4.64325
-4.48745
-4.28517
-4.05234
-3.80254
-3.54842
-3.30173
-3.06999
-2.86294
-2.68506
-2.54134
-2.43187
-2.36086
-2.319
-2.29892
-2.28489
-4.29232
-4.44945
-4.49593
-4.4475
-4.32166
-4.13627
-3.9103
-3.65984
-3.40045
-3.1471
-2.90803
-2.69529
-2.51194
-2.3597
-2.2294
-2.11404
-1.98719
-1.83516
-1.64063
-3.96443
-4.17807
-4.27058
-4.25493
-4.14755
-3.96731
-3.73568
-3.47174
-3.19394
-2.91933
-2.65703
-2.41835
-2.20311
-2.00741
-1.81723
-1.62263
-1.40619
-1.1719
-0.926248
-3.68177
-3.94397
-4.07881
-4.09464
-4.00591
-3.83205
-3.59647
-3.32112
-3.02719
-2.73356
-2.45064
-2.18868
-1.94625
-1.71851
-1.49548
-1.2748
-1.05663
-0.858452
-0.698263
-3.43148
-3.73796
-3.91131
-3.95558
-3.8832
-3.71403
-3.47325
-3.18561
-2.87498
-2.56211
-2.25898
-1.97585
-1.71224
-1.4658
-1.2329
-1.0177
-0.826243
-0.670893
-0.554007
-3.19667
-3.55479
-3.76634
-3.83692
-3.77878
-3.61263
-3.36557
-3.06517
-2.73808
-2.40715
-2.08631
-1.7869
-1.51065
-1.25841
-1.03084
-0.833556
-0.670496
-0.545693
-0.454095
-3.01423
-3.41054
-3.65369
-3.74521
-3.69686
-3.53028
-3.27478
-2.96066
-2.61739
-2.27008
-1.93478
-1.62439
-1.3429
-1.09334
-0.877773
-0.700018
-0.559954
-0.456026
-0.380551
-2.88818
-3.3077
-3.57128
-3.67492
-3.62965
-3.45795
-3.19149
-2.86313
-2.505
-2.14428
-1.7989
-1.4832
-1.20264
-0.961001
-0.75972
-0.599761
-0.477519
-0.388332
-0.323726
-2.82309
-3.25621
-3.52766
-3.63192
-3.58055
-3.39725
-3.1162
-2.77254
-2.40066
-2.02939
-1.67792
-1.36149
-1.08599
-0.854738
-0.667564
-0.522705
-0.414064
-0.33529
-0.277607
-2.82712
-3.25746
-3.52141
-3.61287
-3.54489
-3.34279
-3.04338
-2.68364
-2.29963
-1.92109
-1.56761
-1.25452
-0.98718
-0.767659
-0.593884
-0.461836
-0.363676
-0.29194
-0.237336
-2.89308
-3.30503
-3.54927
-3.61855
-3.52739
-3.30345
-2.98526
-2.61141
-2.21871
-1.83652
-1.48497
-1.17791
-0.919869
-0.711401
-0.549062
-0.426543
-0.335059
-0.265065
-0.204449
-2.98595
-3.36803
-3.58123
-3.62201
-3.50577
-3.26207
-2.92905
-2.54587
-2.14867
-1.76546
-1.41697
-1.115
-0.863968
-0.662939
-0.508046
-0.39175
-0.306807
-0.245321
-0.201192
-3.09876
-3.44876
-3.6364
-3.66051
-3.53648
-3.2931
-2.96543
-2.59035
-2.2014
-1.82452
-1.48053
-1.18008
-0.928265
-0.72465
-0.566672
-0.447876
-0.364116
-0.311416
-0.290988
-3.22334
-3.54121
-3.70176
-3.70643
-3.57156
-3.32511
-2.9999
-2.63039
-2.24784
-1.87643
-1.5363
-1.23762
-0.985841
-0.781103
-0.621976
-0.503223
-0.42241
-0.376475
-0.364404
-3.35625
-3.64544
-3.77941
-3.76464
-3.61871
-3.36862
-3.04502
-2.68011
-2.30308
-1.93646
-1.59978
-1.30276
-1.05124
-0.845964
-0.686575
-0.56865
-0.490714
-0.449542
-0.4429
-3.50474
-3.76412
-3.8701
-3.83548
-3.67789
-3.42299
-3.09944
-2.73752
-2.36466
-2.00194
-1.66832
-1.37313
-1.12252
-0.917745
-0.759368
-0.643405
-0.569054
-0.532864
-0.532174
-3.67756
-3.89528
-3.97203
-3.91741
-3.7471
-3.4855
-3.15986
-2.799
-2.42889
-2.06937
-1.73885
-1.44621
-1.1978
-0.995227
-0.83982
-0.727739
-0.658814
-0.629402
-0.636675
-3.84291
-4.02535
-4.07759
-4.00409
-3.82013
-3.55006
-3.22049
-2.85926
-2.49117
-2.13489
-1.80832
-1.51974
-1.27565
-1.0778
-0.928156
-0.822804
-0.762251
-0.742612
-0.760908
-4.00627
-4.17002
-4.19998
-4.10552
-3.90445
-3.62217
-3.28539
-2.92132
-2.55382
-2.20041
-1.87843
-1.59546
-1.35794
-1.16763
-1.02703
-0.931889
-0.883441
-0.877414
-0.910603
-4.19386
-4.33158
-4.33304
-4.21191
-3.98873
-3.6902
-3.34363
-2.97558
-2.6089
-2.25976
-1.9448
-1.67061
-1.4435
-1.26498
-1.1381
-1.05794
-1.02662
-1.03928
-1.09242
-4.40222
-4.50248
-4.46852
-4.31434
-4.06392
-3.74591
-3.38828
-3.0167
-2.65268
-2.31069
-2.00657
-1.7456
-1.53385
-1.37245
-1.26501
-1.20566
-1.19761
-1.23522
-1.31464
-4.6158
-4.6778
-4.60141
-4.40689
-4.1244
-3.78492
-3.41651
-3.04342
-2.68534
-2.35455
-2.06612
-1.82366
-1.63305
-1.49488
-1.41349
-1.38167
-1.40406
-1.47402
-1.5874
-4.84906
-4.86234
-4.72924
-4.48516
-4.16645
-3.8051
-3.42794
-3.05693
-2.70937
-2.39486
-2.12789
-1.91001
-1.74708
-1.63904
-1.59115
-1.59447
-1.65553
-1.76647
-1.923
-5.11525
-5.04042
-4.83359
-4.53361
-4.17832
-3.79861
-3.41802
-3.05547
-2.72525
-2.43382
-2.19561
-2.00965
-1.88209
-1.81214
-1.80639
-1.8536
-1.96293
-2.12503
-2.33584
-5.33233
-5.15806
-4.87482
-4.52228
-4.13805
-3.75031
-3.37701
-3.03351
-2.73062
-2.47146
-2.27123
-2.12601
-2.04278
-2.02005
-2.06632
-2.16755
-2.33661
-2.56265
-2.84251
-5.51117
-5.23898
-4.87548
-4.47457
-4.07034
-3.68509
-3.32882
-3.01325
-2.74584
-2.52638
-2.3719
-2.2752
-2.24472
-2.27825
-2.38684
-2.55313
-2.7949
-3.09986
-3.46732
-5.65855
-5.24574
-4.8008
-4.36646
-3.95994
-3.59372
-3.26819
-2.99232
-2.77074
-2.60028
-2.50112
-2.46242
-2.49487
-2.59565
-2.77928
-3.02446
-3.35574
-3.75984
-4.24183
-5.64364
-5.09793
-4.60521
-4.17205
-3.79115
-3.46605
-3.18819
-2.96597
-2.80218
-2.69128
-2.6581
-2.68794
-2.79478
-2.97553
-3.24958
-3.59154
-4.03575
-4.56953
-5.21133
-5.42357
-4.81485
-4.32676
-3.93138
-3.60037
-3.33326
-3.11505
-2.95605
-2.85843
-2.81505
-2.85676
-2.96509
-3.15845
-3.43406
-3.81816
-4.28129
-4.87194
-5.58106
-6.45897
-4.94668
-4.37204
-3.95123
-3.63221
-3.3754
-3.18277
-3.03626
-2.95027
-2.92759
-2.96038
-3.08684
-3.28531
-3.58017
-3.9703
-4.49197
-5.11299
-5.90351
-6.86493
-8.12785
-4.2091
-3.78778
-3.49288
-3.28118
-3.11695
-3.01088
-2.94498
-2.93925
-2.99823
-3.11444
-3.33481
-3.63584
-4.0502
-4.58105
-5.28019
-6.11651
-7.19541
-8.54273
-10.5039
-3.26961
-3.09364
-2.96292
-2.87718
-2.8169
-2.80475
-2.82496
-2.90357
-3.04792
-3.2522
-3.57363
-3.9893
-4.54392
-5.25013
-6.18516
-7.32862
-8.84743
-10.8217
-14.1969
-2.24213
-2.33092
-2.37185
-2.41648
-2.46419
-2.54843
-2.65612
-2.81877
-3.04718
-3.33875
-3.76293
-4.3011
-5.01604
-5.93996
-7.19404
-8.79113
-11.0145
-14.065
-20.6041
-1.25566
-1.54303
-1.73082
-1.89678
-2.04999
-2.22861
-2.42057
-2.66126
-2.9646
-3.33301
-3.8501
-4.50565
-5.38984
-6.57336
-8.25555
-10.5351
-13.9327
-18.9308
-33.1163
-0.412868
-0.765124
-1.05027
-1.31936
-1.57135
-1.83953
-2.10817
-2.41489
-2.77337
-3.19338
-3.77387
-4.51325
-5.54557
-7.027
-9.34527
-12.9748
-19.4743
-31.4743
-74.3502
)
;

boundaryField
{
    up
    {
        type            calculated;
        value           nonuniform List<scalar> 
84
(
-67.3771
-36.4914
-22.3863
-15.245
-11.1841
-8.60416
-6.81045
-5.47948
-4.44944
-3.6296
-2.96874
-2.43308
-1.99733
-1.64336
-1.35607
-1.12259
-0.932141
-0.775912
-0.646762
-0.538676
-0.446774
-0.365966
-0.287226
-0.180049
-0.173777
-0.221435
-0.26098
-0.304796
-0.358056
-0.426366
-0.517419
-0.641405
-0.836731
-1.60902
-2.33961
-2.58301
-2.64377
-2.79089
-2.94654
-3.0797
-3.17581
-3.23181
-3.23197
-3.17636
-3.08053
-2.94752
-2.79199
-2.64472
-2.58338
-2.34166
-1.61721
-0.838406
-0.642377
-0.51812
-0.4269
-0.358482
-0.305156
-0.261308
-0.221807
-0.173999
-0.179911
-0.287239
-0.365976
-0.446783
-0.538683
-0.646768
-0.775915
-0.932143
-1.12259
-1.35607
-1.64335
-1.99732
-2.43307
-2.96874
-3.6296
-4.44946
-5.4795
-6.81048
-8.60418
-11.1842
-15.245
-22.3863
-36.4914
-67.3771
)
;
    }
    low
    {
        type            calculated;
        value           nonuniform List<scalar> 
84
(
-0.443226
-1.31274
-2.36574
-3.47719
-4.49546
-5.28522
-5.77358
-5.96972
-5.92014
-5.6903
-5.46863
-5.21032
-4.88755
-4.62351
-4.39236
-4.15928
-3.94985
-3.77988
-3.60051
-3.39602
-3.22271
-3.07022
-2.92195
-2.78696
-2.65592
-2.57324
-2.57239
-2.66436
-2.8254
-3.05179
-3.32568
-3.60202
-3.91448
-4.27665
-4.66548
-5.10722
-5.60271
-6.03703
-6.37764
-6.64812
-6.84546
-6.98462
-6.98464
-6.84549
-6.64816
-6.37769
-6.03708
-5.60278
-5.10731
-4.66544
-4.2767
-3.91444
-3.602
-3.32565
-3.05177
-2.82538
-2.66435
-2.57239
-2.57325
-2.65595
-2.78704
-2.92196
-3.07024
-3.22273
-3.39603
-3.60052
-3.77989
-3.94986
-4.15928
-4.39235
-4.6235
-4.88754
-5.2103
-5.4686
-5.69028
-5.92013
-5.96972
-5.7736
-5.28524
-4.49549
-3.47722
-2.36577
-1.31275
-0.44323
)
;
    }
    left
    {
        type            calculated;
        value           nonuniform List<scalar> 
19
(
-0.405062
-0.750996
-1.04188
-1.3201
-1.58286
-1.86219
-2.14286
-2.46437
-2.84078
-3.28755
-3.9082
-4.70551
-5.83171
-7.47369
-10.0664
-14.1914
-21.6632
-35.6198
-69.8816
)
;
    }
    right
    {
        type            calculated;
        value           nonuniform List<scalar> 
19
(
-0.405065
-0.750997
-1.04188
-1.3201
-1.58286
-1.86219
-2.14286
-2.46437
-2.84078
-3.28754
-3.9082
-4.7055
-5.8317
-7.47368
-10.0663
-14.1913
-21.6632
-35.6199
-69.8816
)
;
    }
    frontAndBackPlanes
    {
        type            empty;
    }
}


// ************************************************************************* //
