/*--------------------------------*- C++ -*----------------------------------*\
  =========                 |
  \\      /  F ield         | OpenFOAM: The Open Source CFD Toolbox
   \\    /   O peration     | Website:  https://openfoam.org
    \\  /    A nd           | Version:  7
     \\/     M anipulation  |
\*---------------------------------------------------------------------------*/
FoamFile
{
    version     2.0;
    format      ascii;
    class       volScalarField;
    location    "0.188";
    object      gradTx;
}
// * * * * * * * * * * * * * * * * * * * * * * * * * * * * * * * * * * * * * //

dimensions      [0 -1 0 1 0 0 0];

internalField   nonuniform List<scalar> 
1596
(
-0.101332
-0.508146
-0.907945
-1.26459
-1.57423
-1.83497
-2.05892
-2.25401
-2.43156
-2.61294
-2.80503
-3.03365
-3.32848
-3.73117
-4.2898
-5.12212
-6.40799
-8.53491
-12.3042
0.0227236
-0.421679
-0.815275
-1.15249
-1.44022
-1.67943
-1.88122
-2.04964
-2.19332
-2.3238
-2.44339
-2.56664
-2.69991
-2.85196
-3.01998
-3.19699
-3.33342
-3.32662
-2.95743
0.124721
-0.341528
-0.721551
-1.03498
-1.29687
-1.51175
-1.68927
-1.83217
-1.94632
-2.03814
-2.10778
-2.16327
-2.2043
-2.23133
-2.23728
-2.20875
-2.10665
-1.8613
-1.33424
0.142014
-0.296304
-0.641901
-0.92209
-1.15332
-1.34166
-1.49469
-1.61455
-1.70503
-1.7695
-1.80757
-1.82337
-1.81502
-1.78082
-1.71502
-1.60695
-1.43202
-1.14925
-0.676919
0.0459368
-0.304838
-0.590384
-0.825649
-1.0208
-1.1804
-1.30906
-1.4083
-1.48018
-1.52605
-1.54565
-1.54058
-1.50898
-1.44878
-1.35627
-1.22404
-1.03805
-0.775552
-0.390294
-0.15445
-0.374546
-0.578053
-0.757075
-0.910524
-1.03874
-1.1426
-1.22251
-1.27899
-1.31181
-1.32097
-1.30625
-1.2661
-1.19841
-1.10099
-0.968577
-0.793595
-0.563676
-0.253239
-0.420358
-0.499743
-0.609912
-0.724517
-0.831299
-0.925108
-1.00288
-1.06337
-1.10558
-1.12802
-1.13064
-1.11197
-1.07059
-1.00438
-0.911896
-0.789104
-0.632005
-0.433843
-0.180592
-0.698059
-0.656465
-0.676655
-0.725372
-0.783471
-0.84105
-0.891631
-0.932093
-0.960034
-0.972879
-0.970296
-0.949936
-0.910331
-0.849243
-0.765529
-0.655762
-0.517752
-0.347651
-0.137759
-0.984937
-0.858789
-0.799698
-0.7825
-0.788235
-0.80486
-0.823818
-0.840322
-0.850761
-0.851649
-0.842088
-0.8191
-0.780958
-0.725197
-0.650579
-0.553891
-0.433638
-0.287298
-0.110375
-1.15714
-1.00091
-0.895507
-0.831351
-0.795738
-0.777965
-0.769399
-0.764466
-0.758887
-0.748676
-0.732414
-0.706834
-0.669974
-0.619261
-0.5533
-0.469046
-0.365247
-0.240034
-0.0905672
-1.29831
-1.13007
-0.997188
-0.89844
-0.828
-0.77853
-0.742948
-0.715902
-0.693031
-0.670212
-0.645604
-0.615829
-0.578694
-0.531513
-0.472658
-0.399134
-0.309624
-0.202462
-0.0755912
-1.44341
-1.27489
-1.12507
-0.999265
-0.897629
-0.816983
-0.752893
-0.701176
-0.658015
-0.619506
-0.583574
-0.54682
-0.506823
-0.460751
-0.406689
-0.341592
-0.263907
-0.171898
-0.0637401
-1.48596
-1.34012
-1.19422
-1.06001
-0.942667
-0.842916
-0.759203
-0.689101
-0.629883
-0.578319
-0.532486
-0.48924
-0.446144
-0.400399
-0.349945
-0.291798
-0.224229
-0.145437
-0.0536626
-1.50023
-1.37883
-1.24481
-1.11102
-0.985724
-0.872981
-0.773983
-0.688332
-0.614692
-0.550793
-0.495128
-0.444951
-0.397934
-0.351368
-0.30311
-0.250239
-0.19087
-0.123116
-0.0452047
-1.50315
-1.40374
-1.28412
-1.15567
-1.02769
-0.906544
-0.795766
-0.696992
-0.610429
-0.534934
-0.469626
-0.412257
-0.360694
-0.312371
-0.2651
-0.216024
-0.163124
-0.104425
-0.0381013
-1.47269
-1.39698
-1.29483
-1.17688
-1.05239
-0.92897
-0.811837
-0.704385
-0.608322
-0.5237
-0.450416
-0.386823
-0.331099
-0.280887
-0.23404
-0.187793
-0.140054
-0.0887923
-0.0321355
-1.40667
-1.35374
-1.27094
-1.16746
-1.05188
-0.93215
-0.814452
-0.703483
-0.602242
-0.511913
-0.433229
-0.365211
-0.306438
-0.254841
-0.208388
-0.164455
-0.120939
-0.0758072
-0.0271725
-1.32717
-1.28903
-1.22343
-1.13523
-1.03118
-0.918799
-0.804588
-0.694064
-0.591213
-0.498195
-0.416526
-0.345892
-0.285308
-0.233022
-0.187163
-0.145266
-0.105265
-0.0651637
-0.0231028
-1.26065
-1.23431
-1.18178
-1.10581
-1.01149
-0.905641
-0.794858
-0.685201
-0.581435
-0.486525
-0.402652
-0.330074
-0.268172
-0.215459
-0.170182
-0.129981
-0.0928068
-0.0566999
-0.0198528
-1.1389
-1.12854
-1.09168
-1.03138
-0.951584
-0.85807
-0.756973
-0.654375
-0.55543
-0.46366
-0.381783
-0.310605
-0.249913
-0.198552
-0.154968
-0.116959
-0.0825364
-0.0498336
-0.017216
-1.00163
-1.0039
-0.981248
-0.935989
-0.871163
-0.791514
-0.702505
-0.609902
-0.518911
-0.433341
-0.356235
-0.288819
-0.231229
-0.182637
-0.141704
-0.106384
-0.0747
-0.0447987
-0.0152605
-0.856416
-0.866694
-0.855744
-0.824213
-0.774044
-0.708934
-0.633555
-0.553127
-0.472641
-0.395923
-0.32611
-0.264689
-0.212049
-0.167662
-0.130441
-0.0985229
-0.0698779
-0.0423858
-0.0144243
-0.693309
-0.707331
-0.705844
-0.687458
-0.652692
-0.603948
-0.544883
-0.479873
-0.413409
-0.349062
-0.289803
-0.23722
-0.191842
-0.153444
-0.121286
-0.0938607
-0.0691911
-0.0446706
-0.0171369
-0.507415
-0.500268
-0.481816
-0.452407
-0.414106
-0.369857
-0.323018
-0.276642
-0.233343
-0.194734
-0.161576
-0.13384
-0.110863
-0.0918308
-0.0759132
-0.062128
-0.049152
-0.0348114
-0.0154953
-0.339105
-0.375499
-0.412067
-0.441245
-0.45807
-0.459975
-0.447141
-0.421615
-0.386997
-0.347156
-0.305488
-0.264843
-0.226767
-0.192495
-0.162742
-0.137795
-0.116949
-0.0985761
-0.0791165
-0.114166
-0.129846
-0.149642
-0.169415
-0.186069
-0.197478
-0.202933
-0.202563
-0.197558
-0.189353
-0.178926
-0.167362
-0.154682
-0.141235
-0.127511
-0.114693
-0.103438
-0.0944782
-0.0875683
0.111249
0.0922547
0.0645198
0.0318277
-0.00213198
-0.0342534
-0.0625105
-0.0858247
-0.10424
-0.118362
-0.128536
-0.135283
-0.138134
-0.136933
-0.131912
-0.124637
-0.116553
-0.109373
-0.103599
0.335524
0.309584
0.271174
0.224462
0.173601
0.122336
0.0735307
0.0289901
-0.0106143
-0.0453837
-0.0753188
-0.100506
-0.119959
-0.132694
-0.138103
-0.137531
-0.132959
-0.127193
-0.121678
0.537019
0.49961
0.44819
0.387568
0.322022
0.255427
0.190824
0.130134
0.0741888
0.022957
-0.0235688
-0.0653643
-0.101101
-0.128843
-0.14651
-0.154316
-0.154039
-0.149567
-0.143725
0.744027
0.69209
0.625766
0.550033
0.469316
0.387626
0.308054
0.232475
0.161687
0.0955097
0.0336741
-0.0241154
-0.0766954
-0.121556
-0.154893
-0.17477
-0.181338
-0.178921
-0.172251
0.897797
0.829405
0.748854
0.660913
0.569871
0.479292
0.391705
0.308412
0.229789
0.155239
0.0840314
0.0151963
-0.0508828
-0.111996
-0.163106
-0.199515
-0.217527
-0.219559
-0.211457
1.03942
0.957164
0.862852
0.763115
0.662458
0.564009
0.46973
0.380377
0.295955
0.215511
0.137915
0.0613898
-0.015026
-0.0907516
-0.161298
-0.220467
-0.25928
-0.274176
-0.268535
1.16798
1.06754
0.958581
0.847796
0.739147
0.634945
0.5364
0.443664
0.356408
0.273456
0.193527
0.114375
0.0337653
-0.0501866
-0.135892
-0.219603
-0.289691
-0.334249
-0.341543
1.24762
1.11981
0.98896
0.860941
0.738707
0.623599
0.516069
0.415778
0.322137
0.233899
0.149721
0.0673323
-0.0160955
-0.104404
-0.200137
-0.305928
-0.416534
-0.521834
-0.602711
1.29323
1.15453
1.02282
0.901592
0.791094
0.690537
0.598732
0.514389
0.436395
0.36364
0.295303
0.230344
0.167517
0.104869
0.0397577
-0.0332614
-0.119222
-0.223801
-0.348734
1.32424
1.1819
1.0552
0.942552
0.841468
0.749859
0.665888
0.588163
0.515709
0.447703
0.383744
0.323576
0.266919
0.213711
0.164133
0.117795
0.0740531
0.0307723
-0.0161247
1.24645
1.08438
0.946296
0.82682
0.721955
0.62891
0.545438
0.469843
0.400881
0.337435
0.278836
0.224603
0.174259
0.127651
0.0850502
0.0467814
0.0135679
-0.0136299
-0.0343863
1.0888
0.942659
0.81992
0.714976
0.623842
0.543677
0.472266
0.407939
0.349503
0.295937
0.24664
0.201194
0.159174
0.120382
0.0848593
0.0525604
0.0235555
-0.0019435
-0.0240097
0.900726
0.779036
0.676378
0.588772
0.513039
0.446753
0.387993
0.335289
0.287597
0.244023
0.204028
0.167226
0.133205
0.101724
0.0727309
0.0461001
0.0218248
7.488e-05
-0.0191898
0.675879
0.582547
0.504518
0.438498
0.381839
0.332527
0.289006
0.250095
0.214968
0.182921
0.15353
0.126483
0.101448
0.0782234
0.0567574
0.0369531
0.0188201
0.00251972
-0.0119482
0.424626
0.362451
0.312111
0.270345
0.234929
0.204333
0.17746
0.153509
0.13193
0.112265
0.094234
0.0776296
0.0622316
0.0479027
0.0346025
0.0222669
0.010905
0.000635606
-0.00851802
0.162723
0.137471
0.117782
0.101678
0.0880805
0.0763425
0.0660385
0.0568691
0.0486314
0.041154
0.0343269
0.0280637
0.0222715
0.016885
0.0118719
0.00719225
0.00283295
-0.00117544
-0.004828
-0.162645
-0.137295
-0.11754
-0.101391
-0.0877655
-0.0760126
-0.0657043
-0.0565394
-0.0483136
-0.0408545
-0.0340511
-0.0278162
-0.0220563
-0.0167054
-0.0117307
-0.00709154
-0.00277408
0.00119234
0.00480366
-0.424552
-0.362295
-0.311897
-0.270093
-0.234653
-0.204046
-0.177172
-0.153227
-0.131662
-0.112016
-0.0940086
-0.0774325
-0.0620666
-0.047773
-0.0345106
-0.0222146
-0.0108935
-0.000664491
0.00844994
-0.675805
-0.582395
-0.504309
-0.438247
-0.381561
-0.332233
-0.288707
-0.249799
-0.214681
-0.18265
-0.15328
-0.126257
-0.10125
-0.0780551
-0.0566201
-0.0368472
-0.018745
-0.002474
0.0119668
-0.90067
-0.778928
-0.67623
-0.588595
-0.512845
-0.446548
-0.387787
-0.335088
-0.287407
-0.243848
-0.203874
-0.167095
-0.1331
-0.101647
-0.0726816
-0.0460786
-0.02183
-0.000104961
0.0191372
-1.08876
-0.942587
-0.819817
-0.714849
-0.623697
-0.543523
-0.472109
-0.407785
-0.349358
-0.295806
-0.246527
-0.201102
-0.159105
-0.120338
-0.0848389
-0.0525627
-0.0235774
0.00190699
0.0239651
-1.24645
-1.08435
-0.946249
-0.826751
-0.721872
-0.62882
-0.545347
-0.469759
-0.400809
-0.33738
-0.278802
-0.224594
-0.174277
-0.127699
-0.0851292
-0.0468867
-0.0136883
0.0135135
0.034296
-1.32424
-1.18178
-1.05494
-0.94214
-0.840911
-0.749169
-0.665086
-0.58727
-0.514747
-0.44669
-0.382695
-0.322502
-0.265828
-0.212606
-0.163021
-0.116702
-0.0730398
-0.0299722
0.0164923
-1.29346
-1.15514
-1.02382
-0.90296
-0.792805
-0.692553
-0.60101
-0.516886
-0.439072
-0.366465
-0.298256
-0.233424
-0.170742
-0.108292
-0.0434605
0.0291548
0.114599
0.218629
0.343172
-1.24752
-1.11955
-0.988507
-0.860307
-0.737908
-0.622657
-0.515011
-0.414632
-0.32093
-0.232657
-0.148465
-0.0660834
0.0173186
0.105589
0.201298
0.307126
0.417933
0.523708
0.605422
-1.16805
-1.06773
-0.958857
-0.848145
-0.739553
-0.635391
-0.536875
-0.444155
-0.356909
-0.27396
-0.194034
-0.114884
-0.034273
0.0496984
0.135468
0.219327
0.28966
0.33452
0.342032
-1.03947
-0.957279
-0.863025
-0.763337
-0.662717
-0.564295
-0.470035
-0.380694
-0.296278
-0.215835
-0.138235
-0.0617005
0.0147408
0.0905225
0.161172
0.220495
0.259488
0.27453
0.268961
-0.897846
-0.829522
-0.749033
-0.661144
-0.570141
-0.47959
-0.39202
-0.308733
-0.230108
-0.155547
-0.0843203
-0.0154542
0.0506749
0.111866
0.163081
0.199614
0.217736
0.219835
0.211749
-0.744075
-0.692208
-0.62595
-0.550273
-0.469599
-0.387937
-0.308379
-0.2328
-0.162001
-0.0958016
-0.033933
0.0239024
0.0765445
0.121485
0.154913
0.174878
0.181511
0.179128
0.172468
-0.537061
-0.499722
-0.448367
-0.3878
-0.322295
-0.255726
-0.191132
-0.130436
-0.0744721
-0.0232099
0.0233569
0.065204
0.101003
0.128816
0.146554
0.15442
0.154182
0.14973
0.143897
-0.335571
-0.309703
-0.271361
-0.224706
-0.173886
-0.122643
-0.0738409
-0.0292862
0.0103464
0.0451554
0.0751388
0.100382
0.119895
0.132691
0.138155
0.137625
0.13308
0.127329
0.121823
-0.11129
-0.0923686
-0.0647024
-0.0320666
0.0018553
0.0339599
0.062221
0.085557
0.104008
0.118175
0.1284
0.1352
0.138105
0.136953
0.131973
0.124727
0.116663
0.109495
0.103733
0.114068
0.129553
0.149148
0.168745
0.185267
0.1966
0.202038
0.201702
0.196772
0.18867
0.178359
0.166913
0.154345
0.140997
0.127353
0.114598
0.103394
0.0944864
0.0876502
0.339171
0.375752
0.412546
0.441953
0.458982
0.461043
0.448303
0.42281
0.388166
0.348257
0.306492
0.265736
0.227546
0.193168
0.163324
0.138301
0.117399
0.0989823
0.079485
0.50734
0.500007
0.481368
0.451798
0.413381
0.369068
0.322217
0.275873
0.232638
0.194113
0.161047
0.133404
0.110514
0.091558
0.0757056
0.0619746
0.0490439
0.0347429
0.0154676
0.693349
0.707412
0.705965
0.68761
0.65286
0.604119
0.545042
0.480012
0.413522
0.349147
0.289862
0.237258
0.191863
0.153454
0.121289
0.0938591
0.0691876
0.0446672
0.0171358
0.856422
0.866702
0.855754
0.824224
0.774054
0.708942
0.63356
0.553128
0.472637
0.395915
0.3261
0.264678
0.212037
0.167652
0.130432
0.0985161
0.0698731
0.0423833
0.0144241
1.00164
1.00391
0.981255
0.935997
0.87117
0.791519
0.702507
0.6099
0.518907
0.433334
0.356226
0.288809
0.23122
0.182629
0.141698
0.10638
0.0746974
0.0447975
0.0152603
1.1389
1.12855
1.09168
1.03138
0.951588
0.858072
0.756973
0.654372
0.555424
0.463653
0.381776
0.310598
0.249907
0.198547
0.154964
0.116957
0.0825349
0.0498329
0.0172158
1.26065
1.23432
1.18179
1.10581
1.01149
0.905644
0.794859
0.685199
0.581431
0.48652
0.402647
0.330069
0.268167
0.215456
0.170179
0.129979
0.0928058
0.0566993
0.0198526
1.32718
1.28903
1.22344
1.13523
1.03118
0.9188
0.804587
0.694062
0.591209
0.49819
0.416521
0.345888
0.285304
0.233019
0.187161
0.145264
0.105264
0.0651629
0.0231025
1.40667
1.35374
1.27095
1.16747
1.05188
0.93215
0.81445
0.703481
0.602238
0.511909
0.433225
0.365207
0.306435
0.254839
0.208386
0.164453
0.120937
0.0758061
0.0271721
1.47269
1.39698
1.29484
1.17688
1.05239
0.928972
0.811836
0.704383
0.608319
0.523697
0.450413
0.38682
0.331096
0.280884
0.234037
0.18779
0.140051
0.0887907
0.0321351
1.50315
1.40375
1.28413
1.15568
1.02769
0.906544
0.795764
0.69699
0.610425
0.53493
0.469622
0.412253
0.360691
0.312367
0.265096
0.21602
0.163121
0.104424
0.0381009
1.50023
1.37883
1.24482
1.11102
0.985725
0.872981
0.773982
0.68833
0.614689
0.550789
0.495124
0.444947
0.397929
0.351364
0.303106
0.250235
0.190867
0.123114
0.0452044
1.48596
1.34013
1.19422
1.06002
0.942669
0.842916
0.759202
0.6891
0.629881
0.578316
0.532482
0.489236
0.446139
0.400393
0.34994
0.291793
0.224226
0.145436
0.0536627
1.44341
1.27489
1.12507
0.999261
0.897625
0.816978
0.752888
0.70117
0.658009
0.6195
0.583568
0.546813
0.506816
0.460745
0.406683
0.341587
0.263904
0.171897
0.0637404
1.29831
1.13008
0.997193
0.898442
0.828
0.778528
0.742946
0.715899
0.693027
0.670207
0.645599
0.615823
0.578688
0.531508
0.472654
0.399131
0.309623
0.202463
0.075592
1.15715
1.00091
0.895511
0.831352
0.795737
0.777964
0.769397
0.764463
0.758883
0.748671
0.732409
0.706828
0.669969
0.619257
0.553298
0.469046
0.365248
0.240036
0.0905683
0.984947
0.858794
0.7997
0.7825
0.788235
0.804859
0.823816
0.84032
0.850757
0.851645
0.842084
0.819096
0.780955
0.725196
0.650579
0.553893
0.433641
0.287301
0.110376
0.698066
0.656468
0.676656
0.725372
0.783471
0.841049
0.891629
0.93209
0.96003
0.972875
0.970293
0.949933
0.91033
0.849244
0.765531
0.655766
0.517756
0.347654
0.13776
0.420364
0.499747
0.609915
0.724519
0.8313
0.925108
1.00288
1.06337
1.10558
1.12802
1.13064
1.11197
1.0706
1.00438
0.911901
0.78911
0.632011
0.433846
0.180592
0.154454
0.37455
0.578057
0.757078
0.910526
1.03874
1.1426
1.22251
1.27899
1.31181
1.32097
1.30625
1.2661
1.19842
1.101
0.968583
0.7936
0.563678
0.253238
-0.0459344
0.304842
0.590388
0.825652
1.0208
1.1804
1.30906
1.4083
1.48018
1.52605
1.54565
1.54059
1.50899
1.44878
1.35628
1.22404
1.03806
0.775552
0.390293
-0.142014
0.296307
0.641904
0.922092
1.15332
1.34166
1.49469
1.61455
1.70503
1.7695
1.80757
1.82337
1.81503
1.78082
1.71502
1.60695
1.43202
1.14925
0.676918
-0.124722
0.341529
0.721552
1.03498
1.29687
1.51175
1.68927
1.83217
1.94632
2.03815
2.10778
2.16328
2.20431
2.23133
2.23728
2.20875
2.10664
1.86129
1.33424
-0.0227237
0.421678
0.815273
1.15249
1.44022
1.67943
1.88122
2.04964
2.19333
2.3238
2.44339
2.56665
2.69991
2.85196
3.01998
3.19698
3.33341
3.32662
2.95743
0.101333
0.508146
0.907944
1.26459
1.57423
1.83497
2.05892
2.25401
2.43156
2.61295
2.80503
3.03365
3.32848
3.73116
4.28979
5.12211
6.40798
8.53491
12.3042
)
;

boundaryField
{
    up
    {
        type            calculated;
        value           nonuniform List<scalar> 
84
(
-12.3042
-2.95743
-1.33424
-0.676919
-0.390294
-0.253239
-0.180592
-0.137759
-0.110375
-0.0905672
-0.0755912
-0.0637401
-0.0536626
-0.0452047
-0.0381013
-0.0321355
-0.0271725
-0.0231028
-0.0198528
-0.017216
-0.0152605
-0.0144243
-0.0171369
-0.0154953
-0.0672433
-0.081204
-0.0969072
-0.114007
-0.13455
-0.160871
-0.196351
-0.244919
-0.304252
-0.591618
-0.358982
-0.016723
-0.0342592
-0.0239179
-0.0191379
-0.0119288
-0.00851095
-0.00482781
0.00480348
0.00844302
0.0119476
0.0190856
0.0238738
0.0341692
0.0170815
0.353298
0.594806
0.304695
0.245286
0.196618
0.161074
0.134714
0.114147
0.0970394
0.081319
0.0675743
0.0154676
0.0171358
0.0144241
0.0152603
0.0172158
0.0198526
0.0231025
0.0271721
0.0321351
0.0381009
0.0452044
0.0536627
0.0637404
0.075592
0.0905683
0.110376
0.13776
0.180592
0.253238
0.390293
0.676918
1.33424
2.95743
12.3042
)
;
    }
    low
    {
        type            calculated;
        value           nonuniform List<scalar> 
84
(
-0.0912585
0.038027
0.149379
0.168753
0.0627068
-0.157545
-0.445771
-0.740655
-1.03415
-1.19761
-1.33394
-1.47232
-1.49876
-1.50323
-1.50006
-1.46047
-1.38654
-1.30494
-1.23333
-1.10206
-0.959992
-0.813589
-0.651199
-0.470328
-0.310007
-0.103643
0.0992641
0.305806
0.499085
0.706426
0.867419
1.01514
1.15235
1.24306
1.29738
1.33858
1.27137
1.11521
0.924158
0.694452
0.436894
0.167844
-0.167766
-0.436818
-0.694374
-0.924094
-1.11517
-1.27135
-1.33856
-1.29757
-1.24296
-1.15241
-1.01518
-0.867466
-0.706474
-0.49913
-0.305855
-0.099306
0.103548
0.310072
0.470258
0.651233
0.813595
0.959996
1.10207
1.23333
1.30495
1.38654
1.46047
1.50006
1.50323
1.49877
1.47231
1.33395
1.19762
1.03416
0.740662
0.445778
0.157549
-0.0627044
-0.168754
-0.149382
-0.0380287
0.0912589
)
;
    }
    left
    {
        type            calculated;
        value           nonuniform List<scalar> 
19
(
-0.0900892
-0.488285
-0.896507
-1.26574
-1.58891
-1.86192
-2.09774
-2.3056
-2.49675
-2.69775
-2.91532
-3.17831
-3.52507
-4.01086
-4.69578
-5.74501
-7.40807
-10.2263
-10.6715
)
;
    }
    right
    {
        type            calculated;
        value           nonuniform List<scalar> 
19
(
0.0900902
0.488287
0.896507
1.26574
1.58891
1.86192
2.09774
2.3056
2.49675
2.69775
2.91532
3.17831
3.52507
4.01086
4.69578
5.74501
7.40806
10.2263
10.6715
)
;
    }
    frontAndBackPlanes
    {
        type            empty;
    }
}


// ************************************************************************* //
