/*--------------------------------*- C++ -*----------------------------------*\
  =========                 |
  \\      /  F ield         | OpenFOAM: The Open Source CFD Toolbox
   \\    /   O peration     | Website:  https://openfoam.org
    \\  /    A nd           | Version:  7
     \\/     M anipulation  |
\*---------------------------------------------------------------------------*/
FoamFile
{
    version     2.0;
    format      ascii;
    class       volScalarField;
    location    "0.183";
    object      gradTy;
}
// * * * * * * * * * * * * * * * * * * * * * * * * * * * * * * * * * * * * * //

dimensions      [0 -1 0 1 0 0 0];

internalField   nonuniform List<scalar> 
1596
(
-0.536742
-0.994001
-1.36275
-1.70875
-2.03018
-2.36967
-2.70641
-3.08839
-3.53253
-4.05081
-4.76861
-5.6831
-6.96332
-8.80519
-11.6946
-16.2248
-24.3452
-39.3432
-92.9379
-1.63154
-2.00287
-2.2425
-2.45109
-2.64031
-2.85951
-3.09295
-3.38614
-3.75659
-4.20714
-4.84417
-5.65407
-6.75076
-8.22289
-10.3205
-13.1665
-17.4125
-23.6606
-41.394
-2.91093
-3.02268
-3.06918
-3.11724
-3.16636
-3.26002
-3.38155
-3.57165
-3.84412
-4.19559
-4.71467
-5.37731
-6.26302
-7.41214
-8.97688
-10.9725
-13.7535
-17.5699
-25.7481
-4.2403
-4.00751
-3.82948
-3.70618
-3.61292
-3.57949
-3.586
-3.66625
-3.82982
-4.06932
-4.45798
-4.96642
-5.65145
-6.52885
-7.69589
-9.12601
-11.0285
-13.5021
-17.7283
-5.45168
-4.90114
-4.50946
-4.22156
-3.9922
-3.83583
-3.72997
-3.70072
-3.75421
-3.88099
-4.14125
-4.50492
-5.01367
-5.67139
-6.54357
-7.59024
-8.94386
-10.6355
-13.0963
-6.39811
-5.65053
-5.09602
-4.66875
-4.31896
-4.05005
-3.83962
-3.70669
-3.65521
-3.67534
-3.81611
-4.04991
-4.40785
-4.88849
-5.53792
-6.31487
-7.30791
-8.51762
-10.1067
-7.00535
-6.21563
-5.57508
-5.04944
-4.60383
-4.23866
-3.93574
-3.70889
-3.56134
-3.48422
-3.5171
-3.6365
-3.86589
-4.20177
-4.67766
-5.25587
-5.99791
-6.89155
-7.9992
-7.28062
-6.57389
-5.92864
-5.3551
-4.84567
-4.4061
-4.02669
-3.71887
-3.48677
-3.32364
-3.26125
-3.28098
-3.40059
-3.61617
-3.95259
-4.37744
-4.93451
-5.60729
-6.41855
-7.29253
-6.75797
-6.17549
-5.60146
-5.05983
-4.56794
-4.12773
-3.7515
-3.4458
-3.20698
-3.0608
-2.99358
-3.01879
-3.13284
-3.35433
-3.65617
-4.06982
-4.5783
-5.18774
-7.09755
-6.74395
-6.26703
-5.737
-5.19923
-4.68373
-4.2048
-3.77836
-3.4147
-3.11399
-2.89792
-2.75744
-2.70304
-2.73185
-2.85793
-3.05927
-3.3587
-3.74073
-4.20443
-6.86454
-6.63592
-6.26225
-5.79496
-5.28364
-4.76574
-4.26578
-3.80438
-3.39621
-3.04573
-2.77224
-2.57086
-2.45014
-2.40798
-2.45507
-2.57367
-2.78023
-3.06124
-3.41282
-6.58469
-6.48245
-6.20637
-5.80664
-5.33285
-4.82583
-4.31722
-3.83228
-3.39009
-2.99947
-2.6787
-2.42662
-2.2506
-2.14934
-2.13095
-2.18116
-2.31164
-2.51082
-2.77375
-6.24372
-6.25307
-6.07067
-5.74227
-5.31541
-4.8323
-4.32866
-3.83371
-3.3704
-2.95153
-2.59547
-2.30421
-2.08462
-1.93624
-1.8653
-1.86041
-1.92972
-2.06354
-2.25672
-5.9467
-6.01696
-5.906
-5.64028
-5.25937
-4.80425
-4.31215
-3.81523
-3.3395
-2.90115
-2.51927
-2.19837
-1.94531
-1.76029
-1.64818
-1.59975
-1.62053
-1.70237
-1.84031
-5.67614
-5.79407
-5.73602
-5.52073
-5.17999
-4.75191
-4.27361
-3.7791
-3.2967
-2.84537
-2.44512
-2.1025
-1.82449
-1.61187
-1.46842
-1.38647
-1.36961
-1.41088
-1.50566
-5.41297
-5.57792
-5.56383
-5.38936
-5.08222
-4.67821
-4.21372
-3.72396
-3.23894
-2.77974
-2.36736
-2.00986
-1.71441
-1.48214
-1.31598
-1.20933
-1.16426
-1.17474
-1.23649
-5.17686
-5.37456
-5.39563
-5.25368
-4.97324
-4.58879
-4.13613
-3.65143
-3.16599
-2.70254
-2.2829
-1.91621
-1.60973
-1.36472
-1.1833
-1.05954
-0.994303
-0.982177
-1.01924
-4.97198
-5.19337
-5.24184
-5.12503
-4.86464
-4.49424
-4.04977
-3.56838
-3.08264
-2.61662
-2.19279
-1.82101
-1.50841
-1.25614
-1.06549
-0.930795
-0.851908
-0.823805
-0.842793
-4.76419
-5.03126
-5.11032
-5.01602
-4.77109
-4.40963
-3.9688
-3.48725
-2.99911
-2.52991
-2.10262
-1.72767
-1.41185
-1.15593
-0.96025
-0.819122
-0.731421
-0.692322
-0.698271
-4.54616
-4.86772
-4.98389
-4.91376
-4.68309
-4.32811
-3.88829
-3.40446
-2.91274
-2.44025
-2.01048
-1.63423
-1.31784
-1.06144
-0.864281
-0.720354
-0.627627
-0.581389
-0.578216
-4.35883
-4.71993
-4.87197
-4.82605
-4.60829
-4.25726
-3.81549
-3.32667
-2.82937
-2.35252
-1.9202
-1.54349
-1.2281
-0.973339
-0.777165
-0.632909
-0.537588
-0.486605
-0.476915
-4.19077
-4.59025
-4.77667
-4.75467
-4.54918
-4.20055
-3.7547
-3.25864
-2.75383
-2.2713
-1.83581
-1.45873
-1.14505
-0.893138
-0.699488
-0.556359
-0.459513
-0.404373
-0.38906
-4.03246
-4.47499
-4.69674
-4.69894
-4.50564
-4.15876
-3.7077
-3.20304
-2.68941
-2.20016
-1.76079
-1.38303
-1.07118
-0.822686
-0.632517
-0.491441
-0.393185
-0.332041
-0.308294
-3.8883
-4.37381
-4.62911
-4.65229
-4.46766
-4.1186
-3.65898
-3.14277
-2.6182
-2.12129
-1.67735
-1.29928
-0.99029
-0.746942
-0.562494
-0.426389
-0.328862
-0.259937
-0.211975
-3.76903
-4.29468
-4.59111
-4.65128
-4.49825
-4.17302
-3.73024
-3.22346
-2.70218
-2.20448
-1.75518
-1.36985
-1.05184
-0.799414
-0.606255
-0.463107
-0.358431
-0.280435
-0.214996
-3.68383
-4.23455
-4.55796
-4.64812
-4.52581
-4.22869
-3.80914
-3.31874
-2.80638
-2.31096
-1.85712
-1.46262
-1.13202
-0.865466
-0.658204
-0.503467
-0.390598
-0.30988
-0.25
-3.67789
-4.23246
-4.56639
-4.6742
-4.57433
-4.30187
-3.90552
-3.43441
-2.93544
-2.44673
-1.99282
-1.59184
-1.24935
-0.967206
-0.742942
-0.572375
-0.446706
-0.357345
-0.293396
-3.76061
-4.29687
-4.62078
-4.72862
-4.63776
-4.3812
-4.00392
-3.55185
-3.06893
-2.5914
-2.14256
-1.73996
-1.38903
-1.09253
-0.850044
-0.660628
-0.518276
-0.416235
-0.343796
-3.92128
-4.42613
-4.72326
-4.81606
-4.72246
-4.47378
-4.11143
-3.67761
-3.21267
-2.75028
-2.31162
-1.91291
-1.55825
-1.24995
-0.988601
-0.776764
-0.612452
-0.492448
-0.406807
-4.15365
-4.60736
-4.86311
-4.92946
-4.82457
-4.578
-4.22776
-3.81201
-3.36719
-2.92404
-2.50118
-2.11326
-1.7621
-1.44786
-1.16987
-0.933082
-0.740315
-0.594837
-0.489619
-4.4523
-4.83746
-5.04337
-5.07641
-4.95461
-4.70588
-4.36518
-3.96655
-3.54255
-3.12107
-2.71825
-2.34762
-2.00867
-1.6982
-1.4109
-1.15046
-0.922357
-0.739655
-0.603822
-4.76911
-5.09566
-5.25169
-5.24895
-5.10772
-4.85484
-4.5225
-4.14066
-3.73811
-3.34012
-2.96076
-2.61362
-2.29716
-2.00553
-1.72632
-1.45609
-1.19379
-0.958876
-0.770952
-5.12588
-5.38876
-5.49036
-5.44824
-5.28481
-5.02577
-4.70037
-4.33447
-3.95303
-3.57879
-3.224
-2.90347
-2.61714
-2.3604
-2.1162
-1.87254
-1.60819
-1.32758
-1.03774
-5.53901
-5.72839
-5.77119
-5.68817
-5.50282
-5.23915
-4.92278
-4.57546
-4.21815
-3.87072
-3.54414
-3.25401
-3.00408
-2.79636
-2.61939
-2.46452
-2.29962
-2.10846
-1.87033
-5.99214
-6.09942
-6.06995
-5.93206
-5.71037
-5.42741
-5.10468
-4.76046
-4.41181
-4.07447
-3.7584
-3.47636
-3.2339
-3.03702
-2.8853
-2.78326
-2.71847
-2.68126
-2.65165
-6.49959
-6.4979
-6.38034
-6.17684
-5.90972
-5.59894
-5.26176
-4.91377
-4.56901
-4.23959
-3.93526
-3.66499
-3.43374
-3.24537
-3.1014
-3.00412
-2.95265
-2.9485
-2.99217
-7.05627
-6.92444
-6.71502
-6.44716
-6.1367
-5.79908
-5.4478
-5.09577
-4.75467
-4.43429
-4.14335
-3.88848
-3.67321
-3.49909
-3.3654
-3.26873
-3.20364
-3.16339
-3.14041
-7.5583
-7.30735
-7.01437
-6.68753
-6.33674
-5.97305
-5.60697
-5.24866
-4.90771
-4.59197
-4.30845
-4.06232
-3.85569
-3.68891
-3.56039
-3.46637
-3.40152
-3.36008
-3.33554
-7.9579
-7.62438
-7.26852
-6.89564
-6.51284
-6.12837
-5.75048
-5.3872
-5.0464
-4.7344
-4.45696
-4.21818
-4.0193
-3.86003
-3.73848
-3.65073
-3.59155
-3.55531
-3.53566
-8.27334
-7.87641
-7.47207
-7.06362
-6.6561
-6.25561
-5.86859
-5.50143
-5.1607
-4.85155
-4.57884
-4.3459
-4.15338
-4.00058
-3.88538
-3.8037
-3.75032
-3.71963
-3.70536
-8.50185
-8.05763
-7.61698
-7.18253
-6.75736
-6.34565
-5.95237
-5.58264
-5.24209
-4.93506
-4.6658
-4.43717
-4.24942
-4.10155
-3.99126
-3.91429
-3.86529
-3.83857
-3.82777
-8.65234
-8.16151
-7.69432
-7.24377
-6.80869
-6.39109
-5.9947
-5.62386
-5.28363
-4.97792
-4.71068
-4.48453
-4.29952
-4.15457
-4.04734
-3.97356
-3.92791
-3.90471
-3.89759
-8.65238
-8.16159
-7.69442
-7.24388
-6.8088
-6.3912
-5.99482
-5.62398
-5.28376
-4.97805
-4.71082
-4.48467
-4.29967
-4.15473
-4.04751
-3.97373
-3.9281
-3.90491
-3.89779
-8.50191
-8.05778
-7.61719
-7.18278
-6.75764
-6.34596
-5.95269
-5.58299
-5.24245
-4.93543
-4.6662
-4.43759
-4.24985
-4.10201
-3.99175
-3.91482
-3.86587
-3.8392
-3.82845
-8.27343
-7.87664
-7.4724
-7.06402
-6.65655
-6.2561
-5.86911
-5.50198
-5.16128
-4.85216
-4.57947
-4.34657
-4.15408
-4.00133
-3.88617
-3.80455
-3.75122
-3.72061
-3.70641
-7.95802
-7.62468
-7.26895
-6.89615
-6.51342
-6.129
-5.75116
-5.38791
-5.04715
-4.73519
-4.45778
-4.21904
-4.0202
-3.86097
-3.73946
-3.65177
-3.59265
-3.55648
-3.5369
-7.55843
-7.30769
-7.01485
-6.68812
-6.33741
-5.97379
-5.60777
-5.24952
-4.90861
-4.59291
-4.30943
-4.06335
-3.85676
-3.69002
-3.56155
-3.46758
-3.40279
-3.36142
-3.33694
-7.05643
-6.92481
-6.71554
-6.44781
-6.13745
-5.7999
-5.4487
-5.09672
-4.75568
-4.43535
-4.14445
-3.88963
-3.6744
-3.50031
-3.36665
-3.26999
-3.20491
-3.16466
-3.14168
-6.49977
-6.49833
-6.381
-6.17769
-5.91075
-5.60013
-5.26309
-4.91522
-4.57059
-4.24129
-3.93708
-3.66693
-3.43581
-3.24758
-3.10373
-3.0065
-2.95494
-2.95046
-2.99343
-5.99226
-6.09949
-6.07007
-5.93225
-5.71065
-5.42778
-5.10513
-4.76096
-4.41235
-4.07499
-3.75888
-3.47674
-3.23411
-3.037
-2.88506
-2.78286
-2.71825
-2.68188
-2.6541
-5.53906
-5.72865
-5.77169
-5.68895
-5.50391
-5.24055
-4.92448
-4.57744
-4.22037
-3.87314
-3.54672
-3.25673
-3.00695
-2.79947
-2.62292
-2.46874
-2.30493
-2.11518
-1.87867
-5.12589
-5.3888
-5.49055
-5.44862
-5.28542
-5.02662
-4.70145
-4.33577
-3.9545
-3.58039
-3.2257
-2.90526
-2.61905
-2.36249
-2.11855
-1.87522
-1.61109
-1.33039
-1.03986
-4.76911
-5.09567
-5.25182
-5.24928
-5.10828
-4.85566
-4.52355
-4.14194
-3.73956
-3.3417
-2.96245
-2.61539
-2.29903
-2.00751
-1.72841
-1.45822
-1.1958
-0.960569
-0.772259
-4.45228
-4.83742
-5.04344
-5.07666
-4.95509
-4.70661
-4.36616
-3.96774
-3.5439
-3.12254
-2.71981
-2.34925
-2.01034
-1.69989
-1.41258
-1.15203
-0.923732
-0.740778
-0.604708
-4.15362
-4.6073
-4.86313
-4.92965
-4.82498
-4.57865
-4.22865
-3.8131
-3.36844
-2.92539
-2.5026
-2.1147
-1.76354
-1.44926
-1.17118
-0.93425
-0.7413
-0.595637
-0.49027
-3.92123
-4.42604
-4.72324
-4.81619
-4.72281
-4.47435
-4.11223
-3.6786
-3.21381
-2.75151
-2.31288
-1.91416
-1.55947
-1.25109
-0.98963
-0.77765
-0.613188
-0.493051
-0.407313
-3.76057
-4.29677
-4.62073
-4.72872
-4.63805
-4.3817
-4.00463
-3.55274
-3.06994
-2.59248
-2.14366
-1.74103
-1.39005
-1.09346
-0.850854
-0.661315
-0.518845
-0.416711
-0.344211
-3.67785
-4.23236
-4.56633
-4.67426
-4.57457
-4.3023
-3.90614
-3.43519
-2.93632
-2.44766
-1.99375
-1.59274
-1.25018
-0.967955
-0.743588
-0.572919
-0.447162
-0.357739
-0.293763
-3.68378
-4.23445
-4.55787
-4.64812
-4.52594
-4.22898
-3.80957
-3.31929
-2.807
-2.31162
-1.85779
-1.46326
-1.1326
-0.865976
-0.658635
-0.503826
-0.3909
-0.31016
-0.250318
-3.7691
-4.29471
-4.59116
-4.65137
-4.4984
-4.17324
-3.73053
-3.22381
-2.70258
-2.20491
-1.75562
-1.37029
-1.05226
-0.799814
-0.606622
-0.463441
-0.35873
-0.280692
-0.215188
-3.88838
-4.37387
-4.62914
-4.65226
-4.46757
-4.11845
-3.65878
-3.14253
-2.61794
-2.12103
-1.6771
-1.29906
-0.990094
-0.746777
-0.562356
-0.426272
-0.328757
-0.259833
-0.211842
-4.03251
-4.47503
-4.69677
-4.69896
-4.50565
-4.15876
-3.70769
-3.20302
-2.68939
-2.20015
-1.76079
-1.38303
-1.07119
-0.822703
-0.632537
-0.491462
-0.393208
-0.332065
-0.308312
-4.1908
-4.59027
-4.77668
-4.75467
-4.54916
-4.20052
-3.75467
-3.25861
-2.7538
-2.27128
-1.8358
-1.45872
-1.14505
-0.893146
-0.699499
-0.556373
-0.459529
-0.404389
-0.389074
-4.35886
-4.71995
-4.87198
-4.82605
-4.60827
-4.25723
-3.81546
-3.32665
-2.82935
-2.3525
-1.92019
-1.54349
-1.2281
-0.973345
-0.777174
-0.63292
-0.5376
-0.486617
-0.476926
-4.54618
-4.86773
-4.9839
-4.91376
-4.68308
-4.32809
-3.88827
-3.40445
-2.91273
-2.44024
-2.01048
-1.63423
-1.31784
-1.06144
-0.864287
-0.720363
-0.627637
-0.5814
-0.578225
-4.76421
-5.03127
-5.11032
-5.01601
-4.77108
-4.40962
-3.96879
-3.48724
-2.9991
-2.5299
-2.10262
-1.72767
-1.41185
-1.15594
-0.960254
-0.819129
-0.731429
-0.692332
-0.698279
-4.972
-5.19338
-5.24183
-5.12502
-4.86463
-4.49423
-4.04977
-3.56838
-3.08263
-2.61662
-2.19278
-1.82101
-1.50841
-1.25615
-1.06549
-0.930801
-0.851916
-0.823814
-0.8428
-5.17687
-5.37456
-5.39562
-5.25367
-4.97324
-4.58878
-4.13613
-3.65142
-3.16599
-2.70254
-2.28289
-1.91621
-1.60973
-1.36472
-1.18331
-1.05954
-0.994309
-0.982183
-1.01924
-5.41297
-5.57792
-5.56382
-5.38936
-5.08222
-4.67821
-4.21372
-3.72395
-3.23894
-2.77974
-2.36735
-2.00986
-1.71441
-1.48214
-1.31598
-1.20933
-1.16427
-1.17474
-1.23649
-5.67613
-5.79406
-5.73601
-5.52072
-5.17999
-4.75191
-4.27361
-3.7791
-3.2967
-2.84537
-2.44511
-2.1025
-1.82449
-1.61187
-1.46842
-1.38647
-1.36961
-1.41088
-1.50565
-5.94669
-6.01695
-5.906
-5.64028
-5.25938
-4.80425
-4.31215
-3.81523
-3.3395
-2.90115
-2.51926
-2.19837
-1.9453
-1.76029
-1.64818
-1.59974
-1.62052
-1.70236
-1.8403
-6.2437
-6.25306
-6.07067
-5.74228
-5.31542
-4.83231
-4.32867
-3.83371
-3.3704
-2.95153
-2.59547
-2.3042
-2.08462
-1.93624
-1.8653
-1.86041
-1.92971
-2.06353
-2.25671
-6.58466
-6.48243
-6.20637
-5.80664
-5.33286
-4.82584
-4.31722
-3.83228
-3.39008
-2.99947
-2.6787
-2.42662
-2.25059
-2.14934
-2.13094
-2.18115
-2.31162
-2.51079
-2.77373
-6.86451
-6.63592
-6.26225
-5.79497
-5.28365
-4.76575
-4.26578
-3.80438
-3.39621
-3.04573
-2.77223
-2.57086
-2.45013
-2.40797
-2.45506
-2.57365
-2.78021
-3.06121
-3.41281
-7.09753
-6.74395
-6.26705
-5.73702
-5.19925
-4.68373
-4.2048
-3.77837
-3.4147
-3.11399
-2.89792
-2.75744
-2.70304
-2.73184
-2.85792
-3.05926
-3.35868
-3.7407
-4.20441
-7.29252
-6.75799
-6.17551
-5.60148
-5.05984
-4.56795
-4.12774
-3.7515
-3.4458
-3.20698
-3.0608
-2.99358
-3.01879
-3.13284
-3.35432
-3.65615
-4.06979
-4.57828
-5.18774
-7.28063
-6.57391
-5.92866
-5.35511
-4.84567
-4.40611
-4.02669
-3.71887
-3.48677
-3.32365
-3.26125
-3.28098
-3.40059
-3.61616
-3.95258
-4.37742
-4.93448
-5.60728
-6.41856
-7.00537
-6.21565
-5.5751
-5.04945
-4.60383
-4.23867
-3.93575
-3.70889
-3.56134
-3.48423
-3.51711
-3.6365
-3.86589
-4.20176
-4.67765
-5.25585
-5.99789
-6.89154
-7.99922
-6.39815
-5.65055
-5.09603
-4.66876
-4.31897
-4.05006
-3.83963
-3.7067
-3.65522
-3.67535
-3.81612
-4.04991
-4.40784
-4.88847
-5.5379
-6.31486
-7.30791
-8.51763
-10.1067
-5.45171
-4.90116
-4.50947
-4.22157
-3.99221
-3.83584
-3.72999
-3.70073
-3.75422
-3.881
-4.14125
-4.50492
-5.01366
-5.67138
-6.54356
-7.59023
-8.94387
-10.6355
-13.0963
-4.24032
-4.00753
-3.82949
-3.70619
-3.61294
-3.5795
-3.58601
-3.66626
-3.82983
-4.06932
-4.45798
-4.96642
-5.65144
-6.52884
-7.69588
-9.126
-11.0285
-13.5022
-17.7283
-2.91095
-3.02269
-3.06918
-3.11725
-3.16637
-3.26004
-3.38156
-3.57166
-3.84413
-4.19559
-4.71467
-5.37731
-6.26301
-7.41212
-8.97687
-10.9724
-13.7535
-17.5699
-25.7481
-1.63155
-2.00287
-2.2425
-2.4511
-2.64031
-2.85952
-3.09296
-3.38615
-3.7566
-4.20715
-4.84417
-5.65406
-6.75075
-8.22288
-10.3205
-13.1665
-17.4125
-23.6606
-41.394
-0.536746
-0.994002
-1.36275
-1.70875
-2.03018
-2.36967
-2.70641
-3.08839
-3.53253
-4.05081
-4.76861
-5.6831
-6.9633
-8.80517
-11.6946
-16.2248
-24.3452
-39.3432
-92.9379
)
;

boundaryField
{
    up
    {
        type            calculated;
        value           nonuniform List<scalar> 
84
(
-84.222
-45.6147
-27.9791
-19.043
-13.952
-10.7078
-8.44398
-6.75834
-5.45069
-4.40938
-3.57143
-2.89499
-2.34843
-1.90846
-1.55533
-1.27199
-1.04403
-0.859623
-0.709226
-0.584975
-0.480673
-0.390282
-0.303923
-0.189318
-0.182548
-0.232996
-0.275407
-0.323058
-0.381858
-0.458485
-0.562257
-0.705684
-0.934349
-1.83799
-2.71363
-3.03189
-3.13023
-3.3261
-3.52885
-3.7013
-3.8255
-3.89734
-3.89755
-3.82621
-3.70238
-3.53012
-3.32754
-3.13151
-3.03253
-2.71626
-1.84765
-0.936348
-0.706829
-0.56307
-0.459095
-0.382339
-0.323458
-0.275768
-0.2334
-0.182784
-0.189166
-0.303935
-0.390293
-0.480683
-0.584983
-0.709234
-0.859629
-1.04403
-1.27199
-1.55533
-1.90845
-2.34842
-2.89498
-3.57142
-4.40938
-5.45071
-6.75837
-8.44401
-10.7078
-13.952
-19.043
-27.9791
-45.6146
-84.2219
)
;
    }
    low
    {
        type            calculated;
        value           nonuniform List<scalar> 
84
(
-0.576301
-1.70604
-3.07203
-4.51032
-5.8235
-6.83685
-7.45808
-7.70165
-7.62991
-7.3286
-7.04076
-6.70838
-6.29521
-5.95918
-5.66649
-5.3718
-5.10773
-4.8944
-4.66835
-4.40902
-4.18915
-3.99519
-3.80561
-3.63217
-3.46277
-3.35533
-3.35345
-3.47138
-3.67795
-3.96791
-4.31773
-4.66867
-5.06419
-5.5217
-6.01118
-6.56639
-7.18869
-7.73145
-8.15452
-8.48951
-8.73378
-8.90725
-8.90728
-8.7338
-8.48956
-8.15458
-7.73152
-7.18877
-6.5665
-6.01114
-5.52176
-5.06413
-4.66864
-4.3177
-3.96788
-3.67792
-3.47137
-3.35345
-3.35534
-3.4628
-3.63227
-3.80562
-3.99522
-4.18917
-4.40903
-4.66836
-4.89441
-5.10773
-5.3718
-5.66648
-5.95917
-6.2952
-6.70835
-7.04072
-7.32857
-7.62989
-7.70165
-7.4581
-6.83689
-5.82354
-4.51036
-3.07206
-1.70606
-0.576306
)
;
    }
    left
    {
        type            calculated;
        value           nonuniform List<scalar> 
19
(
-0.526653
-0.975807
-1.35212
-1.71005
-2.04543
-2.39922
-2.75119
-3.15168
-3.61803
-4.16938
-4.93688
-5.92309
-7.31996
-9.36194
-12.594
-17.7435
-27.0796
-44.524
-87.3517
)
;
    }
    right
    {
        type            calculated;
        value           nonuniform List<scalar> 
19
(
-0.526657
-0.975809
-1.35212
-1.71005
-2.04543
-2.39922
-2.75119
-3.15168
-3.61803
-4.16938
-4.93687
-5.92308
-7.31994
-9.36192
-12.5939
-17.7435
-27.0796
-44.524
-87.3517
)
;
    }
    frontAndBackPlanes
    {
        type            empty;
    }
}


// ************************************************************************* //
