/*--------------------------------*- C++ -*----------------------------------*\
  =========                 |
  \\      /  F ield         | OpenFOAM: The Open Source CFD Toolbox
   \\    /   O peration     | Website:  https://openfoam.org
    \\  /    A nd           | Version:  7
     \\/     M anipulation  |
\*---------------------------------------------------------------------------*/
FoamFile
{
    version     2.0;
    format      ascii;
    class       volScalarField;
    location    "0.368";
    object      gradTy;
}
// * * * * * * * * * * * * * * * * * * * * * * * * * * * * * * * * * * * * * //

dimensions      [0 -1 0 1 0 0 0];

internalField   nonuniform List<scalar> 
1596
(
-0.144617
-0.270067
-0.375971
-0.481909
-0.588942
-0.710662
-0.842743
-1.00109
-1.19303
-1.42402
-1.73829
-2.13727
-2.68361
-3.45315
-4.63642
-6.46991
-9.73102
-15.7361
-37.1747
-0.441268
-0.548302
-0.62753
-0.707126
-0.790691
-0.892506
-1.00855
-1.1528
-1.3316
-1.54655
-1.83366
-2.19007
-2.6573
-3.26992
-4.1253
-5.27436
-6.9759
-9.4734
-16.5617
-0.79082
-0.832433
-0.866907
-0.912247
-0.967698
-1.045
-1.13893
-1.26118
-1.41599
-1.60223
-1.84872
-2.14841
-2.52947
-3.00793
-3.64252
-4.44262
-5.54851
-7.06383
-10.3211
-1.15818
-1.10972
-1.0891
-1.09497
-1.11901
-1.16842
-1.23637
-1.33187
-1.45719
-1.60944
-1.81141
-2.05383
-2.35601
-2.72454
-3.19617
-3.76445
-4.51133
-5.48085
-7.14777
-1.49799
-1.3641
-1.28885
-1.25451
-1.24622
-1.26633
-1.30671
-1.37368
-1.46794
-1.5857
-1.74479
-1.93548
-2.1712
-2.45384
-2.80732
-3.22015
-3.74318
-4.39368
-5.3465
-1.76882
-1.58006
-1.46148
-1.39129
-1.3526
-1.34414
-1.35739
-1.39623
-1.46037
-1.54568
-1.666
-1.81219
-1.99368
-2.21017
-2.47761
-2.78396
-3.1621
-3.61702
-4.2162
-1.94769
-1.74544
-1.6026
-1.50567
-1.44137
-1.40715
-1.3953
-1.4079
-1.44417
-1.50016
-1.58641
-1.69499
-1.83253
-1.99774
-2.20144
-2.43267
-2.71319
-3.04247
-3.44774
-2.03357
-1.85277
-1.7071
-1.59587
-1.5133
-1.45803
-1.42447
-1.41377
-1.42515
-1.45522
-1.51194
-1.5888
-1.69043
-1.81523
-1.97054
-2.14701
-2.35916
-2.60414
-2.89303
-2.04308
-1.90988
-1.7802
-1.66727
-1.57445
-1.50354
-1.45206
-1.42119
-1.41066
-1.41789
-1.44893
-1.49872
-1.5705
-1.66264
-1.78012
-1.91507
-2.07718
-2.2627
-2.47578
-1.99054
-1.909
-1.80798
-1.70574
-1.61227
-1.53305
-1.46908
-1.42243
-1.3938
-1.38163
-1.39081
-1.4176
-1.4644
-1.52976
-1.61713
-1.72001
-1.84486
-1.98778
-2.14968
-1.92322
-1.87913
-1.80746
-1.72202
-1.63466
-1.55317
-1.48156
-1.42317
-1.37993
-1.35146
-1.34201
-1.34914
-1.37475
-1.4177
-1.48043
-1.55756
-1.65342
-1.7642
-1.88924
-1.8388
-1.83333
-1.79059
-1.72441
-1.64711
-1.56763
-1.49216
-1.42533
-1.37033
-1.32804
-1.30253
-1.29251
-1.29973
-1.32341
-1.36539
-1.42121
-1.49375
-1.57943
-1.67689
-1.73391
-1.76293
-1.74871
-1.7037
-1.63986
-1.56657
-1.49134
-1.4199
-1.35657
-1.30343
-1.26473
-1.24023
-1.23181
-1.23914
-1.26377
-1.30207
-1.35602
-1.42233
-1.49927
-1.63909
-1.6882
-1.69683
-1.67156
-1.62197
-1.55696
-1.48451
-1.41111
-1.34202
-1.28033
-1.23069
-1.19383
-1.1719
-1.16505
-1.17483
-1.19827
-1.23683
-1.28753
-1.34849
-1.55026
-1.61514
-1.64161
-1.63338
-1.59742
-1.54145
-1.47327
-1.39976
-1.32683
-1.25843
-1.19968
-1.15215
-1.1184
-1.09911
-1.09595
-1.10657
-1.13216
-1.17003
-1.21833
-1.46295
-1.54242
-1.58398
-1.5905
-1.56709
-1.52028
-1.45729
-1.38504
-1.30986
-1.23635
-1.17008
-1.11339
-1.06929
-1.03901
-1.02447
-1.02393
-1.03849
-1.06577
-1.10394
-1.38334
-1.47246
-1.52623
-1.54531
-1.53314
-1.49508
-1.43761
-1.3675
-1.29124
-1.21389
-1.14142
-1.07684
-1.02362
-0.983528
-0.958837
-0.948403
-0.953416
-0.971795
-1.00179
-1.31313
-1.40847
-1.47174
-1.50133
-1.49898
-1.46889
-1.41681
-1.34919
-1.27253
-1.1922
-1.11451
-1.04298
-0.981524
-0.932432
-0.898386
-0.878856
-0.875288
-0.88595
-0.909179
-1.24366
-1.34992
-1.42279
-1.46191
-1.4684
-1.44558
-1.39855
-1.3334
-1.2566
-1.17374
-1.09133
-1.01338
-0.944171
-0.886437
-0.84329
-0.814842
-0.802994
-0.806509
-0.823909
-1.17345
-1.2918
-1.37504
-1.42359
-1.43851
-1.42265
-1.3806
-1.31816
-1.24168
-1.1569
-1.07049
-0.986822
-0.910461
-0.8445
-0.792407
-0.754913
-0.734615
-0.731102
-0.743364
-1.11364
-1.23948
-1.33206
-1.38958
-1.41247
-1.40315
-1.36585
-1.30609
-1.23012
-1.14375
-1.0538
-0.964909
-0.88184
-0.807892
-0.746717
-0.699451
-0.669515
-0.657851
-0.664795
-1.06137
-1.19399
-1.29498
-1.36095
-1.39142
-1.38834
-1.3556
-1.29851
-1.22321
-1.13557
-1.04246
-0.948769
-0.859413
-0.777765
-0.707392
-0.649322
-0.607423
-0.584355
-0.5838
-1.01428
-1.1548
-1.26407
-1.33814
-1.37587
-1.37879
-1.35049
-1.29614
-1.22174
-1.13315
-1.0373
-0.939243
-0.844082
-0.755247
-0.67602
-0.606582
-0.549855
-0.508619
-0.492484
-0.973554
-1.12234
-1.23943
-1.32041
-1.36389
-1.37104
-1.34553
-1.2923
-1.21735
-1.12665
-1.02672
-0.923289
-0.821583
-0.72535
-0.637511
-0.557524
-0.485106
-0.417796
-0.354959
-0.941727
-1.09835
-1.22436
-1.31476
-1.36829
-1.38564
-1.37043
-1.32692
-1.26059
-1.17717
-1.08189
-0.980888
-0.879042
-0.781034
-0.689965
-0.606413
-0.528069
-0.449678
-0.36103
-0.920987
-1.08229
-1.21266
-1.30806
-1.36743
-1.39135
-1.38329
-1.34705
-1.28753
-1.20997
-1.11831
-1.01845
-0.915019
-0.813345
-0.717597
-0.63092
-0.552743
-0.481408
-0.411885
-0.92333
-1.08629
-1.21868
-1.31702
-1.38038
-1.40967
-1.40816
-1.37958
-1.3283
-1.25873
-1.17398
-1.07863
-0.976598
-0.873246
-0.773837
-0.683182
-0.602716
-0.532226
-0.468045
-0.951553
-1.11289
-1.24392
-1.34176
-1.40582
-1.43753
-1.44017
-1.41757
-1.37373
-1.31241
-1.23577
-1.14684
-1.04817
-0.944341
-0.841183
-0.745174
-0.660048
-0.587198
-0.523799
-1.00371
-1.16181
-1.28846
-1.38264
-1.44443
-1.47591
-1.48053
-1.4623
-1.42507
-1.37212
-1.30479
-1.2245
-1.13189
-1.02971
-0.923302
-0.820532
-0.727934
-0.649435
-0.583325
-1.07928
-1.22997
-1.34896
-1.4366
-1.49358
-1.5226
-1.52743
-1.51226
-1.48092
-1.43651
-1.3798
-1.311
-1.22848
-1.13216
-1.02506
-0.915171
-0.811925
-0.723532
-0.650804
-1.17815
-1.31693
-1.42581
-1.50473
-1.55492
-1.57972
-1.58326
-1.56993
-1.54359
-1.50747
-1.46221
-1.40755
-1.34007
-1.25632
-1.15471
-1.04042
-0.923635
-0.818653
-0.732647
-1.28878
-1.41739
-1.51512
-1.58362
-1.62541
-1.64456
-1.64559
-1.63294
-1.61056
-1.58198
-1.54815
-1.50947
-1.46216
-1.40047
-1.31697
-1.20989
-1.08314
-0.953554
-0.840918
-1.41801
-1.53372
-1.61759
-1.67339
-1.70493
-1.71693
-1.71408
-1.70073
-1.68072
-1.65784
-1.63355
-1.60984
-1.58462
-1.55316
-1.50495
-1.43114
-1.32019
-1.17518
-1.00402
-1.57155
-1.66963
-1.73666
-1.77794
-1.79838
-1.80306
-1.79655
-1.78287
-1.76553
-1.7483
-1.73316
-1.72356
-1.72051
-1.72425
-1.729
-1.72897
-1.70637
-1.64935
-1.54537
-1.74636
-1.82226
-1.86696
-1.88858
-1.8929
-1.88511
-1.86905
-1.8482
-1.82533
-1.80308
-1.78343
-1.76884
-1.76134
-1.76361
-1.77701
-1.8052
-1.84544
-1.89394
-1.94275
-1.94744
-1.99117
-2.00793
-2.00684
-1.99337
-1.97222
-1.94627
-1.91845
-1.89086
-1.86513
-1.84333
-1.82649
-1.81615
-1.8135
-1.82017
-1.83771
-1.86909
-1.91702
-1.98582
-2.17228
-2.17405
-2.16004
-2.13626
-2.10629
-2.07345
-2.03959
-2.00684
-1.97664
-1.94998
-1.92846
-1.91227
-1.90214
-1.89792
-1.89961
-1.90545
-1.91493
-1.92562
-1.9361
-2.38553
-2.34457
-2.29978
-2.25326
-2.20651
-2.16124
-2.11832
-2.07891
-2.04376
-2.0133
-1.98835
-1.9687
-1.95441
-1.94495
-1.93988
-1.93778
-1.93819
-1.93977
-1.94189
-2.56608
-2.49139
-2.42084
-2.3548
-2.29346
-2.23726
-2.18627
-2.1408
-2.10105
-2.06697
-2.03885
-2.01633
-1.99914
-1.9867
-1.9785
-1.97346
-1.97109
-1.9704
-1.97075
-2.71347
-2.6107
-2.51885
-2.43675
-2.36343
-2.29826
-2.24061
-2.19012
-2.14652
-2.10946
-2.07885
-2.05425
-2.03521
-2.02115
-2.0115
-2.00536
-2.00214
-2.001
-2.00125
-2.8214
-2.69702
-2.58884
-2.49471
-2.41262
-2.34099
-2.27859
-2.22455
-2.17828
-2.1392
-2.10698
-2.08115
-2.06116
-2.04638
-2.0362
-2.02979
-2.0264
-2.02519
-2.02539
-2.88874
-2.74552
-2.62616
-2.52484
-2.43788
-2.36281
-2.29796
-2.24211
-2.1945
-2.15444
-2.12147
-2.09512
-2.07478
-2.05986
-2.04972
-2.04361
-2.04074
-2.04031
-2.04152
-2.88875
-2.74555
-2.62619
-2.52488
-2.43792
-2.36285
-2.29799
-2.24215
-2.19454
-2.15448
-2.1215
-2.09515
-2.07482
-2.0599
-2.04976
-2.04365
-2.04078
-2.04035
-2.04155
-2.82142
-2.69708
-2.58892
-2.49481
-2.41272
-2.34109
-2.27869
-2.22465
-2.17838
-2.1393
-2.10708
-2.08125
-2.06126
-2.04649
-2.03631
-2.02991
-2.02652
-2.02532
-2.02554
-2.71351
-2.6108
-2.51898
-2.43689
-2.36358
-2.29842
-2.24077
-2.19028
-2.14669
-2.10963
-2.07902
-2.05441
-2.03538
-2.02132
-2.01167
-2.00554
-2.00233
-2.0012
-2.00146
-2.56613
-2.49151
-2.421
-2.35499
-2.29366
-2.23747
-2.18648
-2.14101
-2.10126
-2.06718
-2.03906
-2.01654
-1.99935
-1.9869
-1.9787
-1.97365
-1.97128
-1.97059
-1.97094
-2.38559
-2.3447
-2.29996
-2.25347
-2.20674
-2.16148
-2.11856
-2.07916
-2.04402
-2.01355
-1.9886
-1.96895
-1.95465
-1.94518
-1.9401
-1.93798
-1.93837
-1.93995
-1.94204
-2.17235
-2.1742
-2.16023
-2.13648
-2.10654
-2.07371
-2.03986
-2.00712
-1.97692
-1.95027
-1.92875
-1.91256
-1.9024
-1.89816
-1.89982
-1.9056
-1.91502
-1.92563
-1.93604
-1.94751
-1.99133
-2.00816
-2.00713
-1.99371
-1.9726
-1.9467
-1.91892
-1.89137
-1.86569
-1.84395
-1.82716
-1.81688
-1.81428
-1.82099
-1.83851
-1.86974
-1.91735
-1.98552
-1.74641
-1.82229
-1.86699
-1.88862
-1.89293
-1.88512
-1.86904
-1.84815
-1.82524
-1.80292
-1.78319
-1.76848
-1.76083
-1.76288
-1.77605
-1.80403
-1.84426
-1.89316
-1.94303
-1.57157
-1.66971
-1.73678
-1.77812
-1.79862
-1.80336
-1.79691
-1.78329
-1.76602
-1.74885
-1.73379
-1.72428
-1.72136
-1.7253
-1.7304
-1.73095
-1.7092
-1.65329
-1.55054
-1.41802
-1.53373
-1.61762
-1.67345
-1.70503
-1.71705
-1.71425
-1.70093
-1.68096
-1.65812
-1.63388
-1.61024
-1.58514
-1.55388
-1.50594
-1.43245
-1.32176
-1.17677
-1.00519
-1.28879
-1.4174
-1.51514
-1.58367
-1.62549
-1.64469
-1.64575
-1.63315
-1.61082
-1.58229
-1.54854
-1.50995
-1.46278
-1.40126
-1.31794
-1.21098
-1.08423
-0.954501
-0.841669
-1.17816
-1.31692
-1.42581
-1.50476
-1.55498
-1.57982
-1.58341
-1.57012
-1.54384
-1.50779
-1.46261
-1.40804
-1.34068
-1.25704
-1.15552
-1.04124
-0.924393
-0.819301
-0.733195
-1.07928
-1.22996
-1.34895
-1.43661
-1.49362
-1.52268
-1.52756
-1.51244
-1.48115
-1.43681
-1.38018
-1.31146
-1.22903
-1.13278
-1.0257
-0.915798
-0.81249
-0.724027
-0.651247
-1.00371
-1.16179
-1.28844
-1.38264
-1.44446
-1.47597
-1.48064
-1.46246
-1.42529
-1.3724
-1.30514
-1.22493
-1.13237
-1.03023
-0.923825
-0.821026
-0.728383
-0.649842
-0.583711
-0.951554
-1.11288
-1.24389
-1.34175
-1.40583
-1.43758
-1.44027
-1.41771
-1.37393
-1.31267
-1.23609
-1.14721
-1.04859
-0.944774
-0.841609
-0.745575
-0.660421
-0.587552
-0.524158
-0.923329
-1.08627
-1.21866
-1.31701
-1.38039
-1.40972
-1.40825
-1.37971
-1.32848
-1.25897
-1.17427
-1.07895
-0.976949
-0.873605
-0.774187
-0.683515
-0.603038
-0.532552
-0.468408
-0.920985
-1.08227
-1.21262
-1.30803
-1.36741
-1.39135
-1.38332
-1.34711
-1.28763
-1.2101
-1.11848
-1.01864
-0.915215
-0.813538
-0.717777
-0.631089
-0.552918
-0.481629
-0.412236
-0.941756
-1.09837
-1.22438
-1.31479
-1.36834
-1.38571
-1.37053
-1.32705
-1.26076
-1.17737
-1.08213
-0.981153
-0.879327
-0.781333
-0.690269
-0.606719
-0.528369
-0.449962
-0.361276
-0.973585
-1.12237
-1.23946
-1.32043
-1.3639
-1.37104
-1.34551
-1.29226
-1.21729
-1.12658
-1.02664
-0.923194
-0.821478
-0.725236
-0.637386
-0.557387
-0.484953
-0.417623
-0.354759
-1.0143
-1.15482
-1.2641
-1.33816
-1.37589
-1.3788
-1.3505
-1.29614
-1.22174
-1.13315
-1.0373
-0.939239
-0.844076
-0.755241
-0.676014
-0.606578
-0.549856
-0.508629
-0.4925
-1.06139
-1.19401
-1.29499
-1.36096
-1.39143
-1.38834
-1.3556
-1.29851
-1.2232
-1.13556
-1.04245
-0.948757
-0.859401
-0.777755
-0.707384
-0.649318
-0.607423
-0.584361
-0.583808
-1.11365
-1.23949
-1.33207
-1.38959
-1.41248
-1.40315
-1.36585
-1.30608
-1.23011
-1.14375
-1.05379
-0.964901
-0.881832
-0.807885
-0.746713
-0.69945
-0.669516
-0.657855
-0.6648
-1.17346
-1.29181
-1.37505
-1.42359
-1.43851
-1.42265
-1.3806
-1.31816
-1.24168
-1.15689
-1.07048
-0.986816
-0.910456
-0.844496
-0.792405
-0.754913
-0.734616
-0.731104
-0.743367
-1.24367
-1.34993
-1.4228
-1.46192
-1.4684
-1.44558
-1.39855
-1.3334
-1.25659
-1.17373
-1.09132
-1.01338
-0.944167
-0.886435
-0.843289
-0.814842
-0.802994
-0.80651
-0.82391
-1.31314
-1.40847
-1.47175
-1.50133
-1.49898
-1.46889
-1.41681
-1.34918
-1.27252
-1.1922
-1.1145
-1.04297
-0.981522
-0.93243
-0.898385
-0.878856
-0.875288
-0.88595
-0.909179
-1.38335
-1.47246
-1.52623
-1.54531
-1.53314
-1.49507
-1.43761
-1.3675
-1.29124
-1.21389
-1.14142
-1.07684
-1.02362
-0.983527
-0.958836
-0.948402
-0.953416
-0.971794
-1.00179
-1.46296
-1.54242
-1.58398
-1.5905
-1.56709
-1.52028
-1.45728
-1.38504
-1.30986
-1.23635
-1.17007
-1.11338
-1.06929
-1.03901
-1.02447
-1.02393
-1.03849
-1.06577
-1.10394
-1.55026
-1.61514
-1.64161
-1.63339
-1.59742
-1.54145
-1.47327
-1.39976
-1.32683
-1.25843
-1.19968
-1.15215
-1.1184
-1.09911
-1.09594
-1.10657
-1.13216
-1.17003
-1.21832
-1.63909
-1.6882
-1.69684
-1.67157
-1.62197
-1.55696
-1.48451
-1.41111
-1.34202
-1.28033
-1.23069
-1.19383
-1.1719
-1.16505
-1.17483
-1.19827
-1.23683
-1.28752
-1.34848
-1.73391
-1.76293
-1.74871
-1.70371
-1.63986
-1.56657
-1.49134
-1.4199
-1.35657
-1.30343
-1.26472
-1.24023
-1.23181
-1.23914
-1.26377
-1.30207
-1.35602
-1.42233
-1.49927
-1.83879
-1.83333
-1.7906
-1.72441
-1.64711
-1.56763
-1.49216
-1.42533
-1.37033
-1.32804
-1.30253
-1.29251
-1.29973
-1.32341
-1.36539
-1.42121
-1.49375
-1.57943
-1.67689
-1.92322
-1.87913
-1.80746
-1.72202
-1.63466
-1.55317
-1.48156
-1.42318
-1.37993
-1.35146
-1.34201
-1.34914
-1.37475
-1.4177
-1.48043
-1.55756
-1.65342
-1.76419
-1.88924
-1.99054
-1.909
-1.80798
-1.70574
-1.61227
-1.53305
-1.46908
-1.42243
-1.3938
-1.38163
-1.39081
-1.4176
-1.4644
-1.52976
-1.61713
-1.72
-1.84486
-1.98778
-2.14968
-2.04308
-1.90988
-1.7802
-1.66727
-1.57445
-1.50354
-1.45207
-1.42119
-1.41066
-1.41789
-1.44893
-1.49872
-1.5705
-1.66264
-1.78011
-1.91507
-2.07717
-2.2627
-2.47578
-2.03358
-1.85277
-1.7071
-1.59587
-1.5133
-1.45803
-1.42447
-1.41377
-1.42515
-1.45522
-1.51194
-1.5888
-1.69043
-1.81522
-1.97054
-2.147
-2.35916
-2.60414
-2.89303
-1.9477
-1.74545
-1.60261
-1.50568
-1.44137
-1.40715
-1.3953
-1.4079
-1.44417
-1.50016
-1.58641
-1.69499
-1.83253
-1.99774
-2.20144
-2.43266
-2.71319
-3.04247
-3.44774
-1.76883
-1.58006
-1.46148
-1.39129
-1.3526
-1.34414
-1.35739
-1.39623
-1.46037
-1.54568
-1.666
-1.81219
-1.99368
-2.21016
-2.47761
-2.78396
-3.1621
-3.61702
-4.2162
-1.49799
-1.3641
-1.28886
-1.25452
-1.24622
-1.26633
-1.30672
-1.37368
-1.46794
-1.5857
-1.74479
-1.93548
-2.1712
-2.45384
-2.80732
-3.22015
-3.74318
-4.39368
-5.3465
-1.15818
-1.10972
-1.08911
-1.09498
-1.11901
-1.16842
-1.23637
-1.33187
-1.45719
-1.60944
-1.81141
-2.05383
-2.35601
-2.72454
-3.19617
-3.76445
-4.51133
-5.48085
-7.14777
-0.790825
-0.832436
-0.866909
-0.912249
-0.9677
-1.045
-1.13893
-1.26118
-1.41599
-1.60223
-1.84872
-2.14841
-2.52946
-3.00793
-3.64252
-4.44262
-5.54851
-7.06383
-10.3211
-0.44127
-0.548303
-0.627531
-0.707127
-0.790691
-0.892507
-1.00855
-1.1528
-1.33161
-1.54654
-1.83366
-2.19007
-2.65729
-3.26992
-4.1253
-5.27436
-6.9759
-9.4734
-16.5617
-0.144617
-0.270068
-0.375971
-0.481909
-0.588942
-0.710662
-0.842743
-1.00109
-1.19303
-1.42402
-1.73829
-2.13727
-2.68361
-3.45315
-4.63642
-6.46991
-9.73102
-15.7361
-37.1747
)
;

boundaryField
{
    up
    {
        type            calculated;
        value           nonuniform List<scalar> 
84
(
-33.6869
-18.2445
-11.2031
-7.65873
-5.67045
-4.43651
-3.60547
-3.01037
-2.56516
-2.21949
-1.9444
-1.72086
-1.53483
-1.37741
-1.24196
-1.12335
-1.01779
-0.922414
-0.834864
-0.752528
-0.672442
-0.589326
-0.489393
-0.320016
-0.311198
-0.391242
-0.449416
-0.505057
-0.563379
-0.62847
-0.705224
-0.799485
-0.94012
-1.54709
-2.01155
-2.02715
-1.93808
-1.94171
-1.97039
-2.00126
-2.02562
-2.04244
-2.04248
-2.02578
-2.00148
-1.97058
-1.94186
-1.938
-2.02636
-2.01189
-1.55322
-0.941203
-0.800144
-0.705743
-0.628903
-0.563763
-0.505421
-0.449793
-0.391745
-0.311539
-0.319811
-0.489413
-0.589335
-0.672447
-0.752531
-0.834865
-0.922415
-1.01779
-1.12335
-1.24196
-1.37741
-1.53483
-1.72086
-1.9444
-2.21949
-2.56517
-3.01037
-3.60548
-4.43651
-5.67045
-7.65873
-11.2031
-18.2445
-33.6869
)
;
    }
    low
    {
        type            calculated;
        value           nonuniform List<scalar> 
84
(
-0.154928
-0.460093
-0.832106
-1.22836
-1.59582
-1.8855
-2.06911
-2.14705
-2.13362
-2.05112
-1.96759
-1.86735
-1.74117
-1.63442
-1.53868
-1.44235
-1.35507
-1.28277
-1.20906
-1.12896
-1.06177
-1.00402
-0.950113
-0.902928
-0.85927
-0.833446
-0.836576
-0.872751
-0.93516
-1.02399
-1.13459
-1.25294
-1.39176
-1.55718
-1.74224
-1.95768
-2.20337
-2.43105
-2.62134
-2.77729
-2.89217
-2.9681
-2.96811
-2.89218
-2.77731
-2.62137
-2.43108
-2.20341
-1.95773
-1.74223
-1.55721
-1.39176
-1.25294
-1.13459
-1.024
-0.935162
-0.872759
-0.836586
-0.83346
-0.85929
-0.902965
-0.950128
-1.00404
-1.06178
-1.12897
-1.20907
-1.28278
-1.35508
-1.44235
-1.53869
-1.63442
-1.74117
-1.86734
-1.96758
-2.05111
-2.13362
-2.14705
-2.06912
-1.88551
-1.59583
-1.22837
-0.832112
-0.460096
-0.154928
)
;
    }
    left
    {
        type            calculated;
        value           nonuniform List<scalar> 
19
(
-0.14181
-0.264868
-0.372629
-0.481732
-0.592795
-0.719094
-0.856705
-1.02242
-1.22396
-1.4694
-1.8052
-2.23506
-2.83022
-3.68151
-5.00286
-7.08407
-10.8304
-17.8121
-34.9417
)
;
    }
    right
    {
        type            calculated;
        value           nonuniform List<scalar> 
19
(
-0.141811
-0.264869
-0.372629
-0.481733
-0.592795
-0.719094
-0.856705
-1.02242
-1.22396
-1.46939
-1.80519
-2.23506
-2.83022
-3.68151
-5.00286
-7.08407
-10.8304
-17.8121
-34.9417
)
;
    }
    frontAndBackPlanes
    {
        type            empty;
    }
}


// ************************************************************************* //
