/*--------------------------------*- C++ -*----------------------------------*\
  =========                 |
  \\      /  F ield         | OpenFOAM: The Open Source CFD Toolbox
   \\    /   O peration     | Website:  https://openfoam.org
    \\  /    A nd           | Version:  7
     \\/     M anipulation  |
\*---------------------------------------------------------------------------*/
FoamFile
{
    version     2.0;
    format      ascii;
    class       volScalarField;
    location    "0.081";
    object      gradTx;
}
// * * * * * * * * * * * * * * * * * * * * * * * * * * * * * * * * * * * * * //

dimensions      [0 -1 0 1 0 0 0];

internalField   nonuniform List<scalar> 
1596
(
-0.285305
-1.42906
-2.52471
-3.44853
-4.17706
-4.70383
-5.06809
-5.2996
-5.43487
-5.52709
-5.59214
-5.68542
-5.86661
-6.21677
-6.82696
-7.89443
-9.69928
-12.8227
-18.4547
0.0790952
-1.14406
-2.20872
-3.07988
-3.76518
-4.26644
-4.61908
-4.84352
-4.97133
-5.03633
-5.04882
-5.04221
-5.03202
-5.04126
-5.07731
-5.14635
-5.1891
-5.06426
-4.44664
0.384608
-0.842097
-1.83366
-2.62357
-3.24148
-3.69821
-4.02385
-4.23459
-4.35509
-4.40821
-4.40071
-4.35248
-4.26394
-4.1386
-3.97024
-3.74858
-3.42764
-2.91948
-2.0295
0.45417
-0.619727
-1.4676
-2.13921
-2.66623
-3.06215
-3.34942
-3.54087
-3.65454
-3.7056
-3.69956
-3.64749
-3.54491
-3.38729
-3.1646
-2.86327
-2.4535
-1.88792
-1.05987
0.220758
-0.546971
-1.18171
-1.69932
-2.11438
-2.43495
-2.67372
-2.83933
-2.94352
-2.99536
-2.99988
-2.9623
-2.87717
-2.73679
-2.53041
-2.2431
-1.85455
-1.33887
-0.640064
-0.271428
-0.654174
-1.03129
-1.36839
-1.65448
-1.88658
-2.06672
-2.19816
-2.28659
-2.33586
-2.35016
-2.33074
-2.2725
-2.16688
-2.0035
-1.76657
-1.44005
-1.00681
-0.43615
-0.906792
-0.924892
-1.03853
-1.18413
-1.33068
-1.46366
-1.57552
-1.66356
-1.72776
-1.76737
-1.78487
-1.77872
-1.74432
-1.67337
-1.55641
-1.37762
-1.12271
-0.77701
-0.320601
-1.54975
-1.29048
-1.1744
-1.13914
-1.14734
-1.17737
-1.21524
-1.25285
-1.28528
-1.30787
-1.32056
-1.3198
-1.30115
-1.25701
-1.1791
-1.05265
-0.864402
-0.600094
-0.243558
-2.19884
-1.77126
-1.4713
-1.26837
-1.13593
-1.05361
-1.0058
-0.980949
-0.970287
-0.965665
-0.963774
-0.959027
-0.946392
-0.918771
-0.868907
-0.783687
-0.650993
-0.456769
-0.185805
-2.582
-2.11715
-1.72423
-1.41243
-1.17615
-1.00374
-0.883011
-0.802054
-0.750437
-0.717981
-0.698662
-0.685408
-0.672429
-0.65305
-0.620914
-0.565049
-0.474956
-0.337723
-0.139088
-2.90132
-2.43548
-1.99575
-1.60955
-1.29021
-1.03839
-0.84881
-0.712046
-0.61774
-0.554686
-0.514548
-0.488823
-0.47062
-0.453234
-0.430797
-0.394289
-0.334919
-0.241498
-0.101176
-3.24057
-2.79132
-2.32548
-1.88224
-1.4897
-1.16154
-0.90155
-0.705129
-0.563577
-0.465441
-0.400466
-0.358511
-0.331146
-0.311014
-0.292158
-0.26696
-0.228139
-0.166466
-0.0709806
-3.36443
-2.9773
-2.5302
-2.07338
-1.6456
-1.27147
-0.963466
-0.722959
-0.544399
-0.417456
-0.331252
-0.2747
-0.238236
-0.213868
-0.1954
-0.17621
-0.150298
-0.110401
-0.047792
-3.43654
-3.10954
-2.69371
-2.23962
-1.79251
-1.38603
-1.04048
-0.763454
-0.55306
-0.400642
-0.295323
-0.225335
-0.180125
-0.150967
-0.131224
-0.114788
-0.0965317
-0.0707977
-0.0309459
-3.49357
-3.21715
-2.83315
-2.38824
-1.9303
-1.49982
-1.12391
-0.816069
-0.578162
-0.403387
-0.281201
-0.19929
-0.14621
-0.11245
-0.0908033
-0.0752961
-0.0612983
-0.0443027
-0.0193615
-3.48238
-3.26049
-2.9134
-2.48662
-2.02918
-1.58645
-1.19099
-0.861518
-0.603451
-0.411905
-0.276956
-0.186
-0.126942
-0.0896201
-0.0663148
-0.0510066
-0.0393175
-0.027498
-0.0118388
-3.39155
-3.22461
-2.91963
-2.51966
-2.07394
-1.63115
-1.22799
-0.887448
-0.618013
-0.416601
-0.274052
-0.177725
-0.115175
-0.0758252
-0.0516127
-0.036456
-0.0261175
-0.0173274
-0.00721358
-3.26691
-3.1381
-2.87187
-2.50131
-2.07338
-1.63839
-1.23609
-0.892719
-0.619216
-0.413967
-0.268488
-0.170217
-0.106552
-0.0667085
-0.0424559
-0.0277043
-0.0183278
-0.0113689
-0.00449478
-3.16977
-3.07145
-2.83311
-2.48327
-2.06734
-1.63705
-1.23487
-0.889598
-0.613955
-0.407172
-0.260977
-0.162642
-0.0993089
-0.0599876
-0.0363222
-0.0222298
-0.0136752
-0.00790936
-0.00293943
-2.92758
-2.87758
-2.682
-2.36893
-1.98217
-1.57357
-1.18709
-0.853268
-0.586259
-0.386168
-0.24519
-0.150861
-0.0905166
-0.0533641
-0.0312398
-0.0182749
-0.0106376
-0.00580104
-0.00203512
-2.62885
-2.6202
-2.46823
-2.19652
-1.8464
-1.46854
-1.10718
-0.793532
-0.54251
-0.354872
-0.223305
-0.135859
-0.0803657
-0.0465212
-0.0265887
-0.0150754
-0.00844324
-0.00441226
-0.00148092
-2.29003
-2.30965
-2.19757
-1.9697
-1.66283
-1.32459
-0.99776
-0.712894
-0.484935
-0.315066
-0.196592
-0.118407
-0.0692051
-0.0394848
-0.0221729
-0.0123077
-0.00672972
-0.00343285
-0.00112319
-1.88312
-1.91823
-1.84364
-1.66593
-1.41432
-1.13015
-0.852045
-0.608074
-0.412443
-0.266795
-0.16552
-0.0990081
-0.0573979
-0.0324389
-0.0180221
-0.00989948
-0.00538422
-0.00277709
-0.000957584
-1.39357
-1.37575
-1.28357
-1.1282
-0.934171
-0.730097
-0.539871
-0.378714
-0.252882
-0.161179
-0.0985281
-0.0580502
-0.0331168
-0.0183962
-0.0100408
-0.00544412
-0.00298303
-0.00162721
-0.000651832
-0.933528
-1.01767
-1.05154
-1.01549
-0.913921
-0.768028
-0.605147
-0.449113
-0.315761
-0.211419
-0.135643
-0.0840182
-0.0505206
-0.0296985
-0.0172293
-0.0100228
-0.00601038
-0.00387883
-0.00271761
-0.31035
-0.338327
-0.362958
-0.372045
-0.359614
-0.326324
-0.278086
-0.222971
-0.169038
-0.121776
-0.0838579
-0.0557282
-0.0359436
-0.0226653
-0.0140735
-0.00873722
-0.00557235
-0.00387164
-0.00309608
0.318002
0.291245
0.234421
0.160174
0.0842233
0.0199403
-0.025069
-0.0495941
-0.0574428
-0.0543375
-0.04568
-0.0356982
-0.0264807
-0.0189418
-0.0131693
-0.00902577
-0.00622881
-0.00457308
-0.00376442
0.935096
0.898961
0.806774
0.672682
0.518766
0.368046
0.238331
0.138687
0.0698499
0.0270554
0.003479
-0.00786572
-0.0120292
-0.0124274
-0.0109853
-0.00892511
-0.00690126
-0.00540933
-0.00455306
1.47302
1.41387
1.28491
1.10182
0.889072
0.673892
0.479449
0.319765
0.199343
0.115161
0.0604306
0.026859
0.00753445
-0.00275054
-0.00730456
-0.00848314
-0.00780484
-0.00662589
-0.00567048
2.00058
1.90469
1.73173
1.49887
1.23242
0.961754
0.712562
0.501431
0.335307
0.21268
0.127328
0.0704385
0.0339612
0.0114331
-0.00138898
-0.00763359
-0.00936319
-0.00881062
-0.00762047
2.36092
2.22667
2.01994
1.75717
1.46349
1.16619
0.889599
0.650039
0.45552
0.306015
0.196725
0.11954
0.0664241
0.0305237
0.00735946
-0.00634009
-0.0123599
-0.0132695
-0.0116153
2.66526
2.49918
2.2609
1.9719
1.65714
1.34145
1.04673
0.787809
0.572694
0.40217
0.272711
0.177112
0.107679
0.0573717
0.0216014
-0.0029041
-0.0168103
-0.0218003
-0.0204981
2.91433
2.70692
2.43769
2.12843
1.80166
1.4783
1.17659
0.908882
0.682338
0.498064
0.353679
0.243122
0.159363
0.0953322
0.0461742
0.00799331
-0.0187779
-0.0336984
-0.0357558
3.02896
2.76417
2.45539
2.12292
1.78581
1.4605
1.16097
0.896369
0.671985
0.488265
0.342825
0.230204
0.143739
0.0762001
0.0218926
-0.0245828
-0.0639207
-0.0952114
-0.11394
3.05514
2.77233
2.469
2.15897
1.85277
1.55929
1.28659
1.04042
0.824818
0.641062
0.488612
0.364841
0.265608
0.186009
0.12117
0.0652226
0.0139608
-0.0362418
-0.0863608
3.04621
2.75808
2.46763
2.17834
1.89453
1.62168
1.3656
1.1311
0.921982
0.739922
0.585156
0.456393
0.350641
0.264514
0.19457
0.136994
0.0884852
0.0459044
0.00601361
2.80217
2.47621
2.17002
1.88046
1.60842
1.35658
1.12779
0.924052
0.74656
0.594846
0.467573
0.362525
0.276356
0.205783
0.147817
0.0996374
0.0591211
0.0250106
-0.00379423
2.40135
2.11438
1.84844
1.60015
1.36945
1.15763
0.966181
0.796037
0.647679
0.520395
0.412961
0.323533
0.249402
0.187944
0.136785
0.093636
0.0567211
0.0249691
-0.00257357
1.95565
1.72117
1.50251
1.29912
1.11135
0.94002
0.785911
0.64935
0.530389
0.428202
0.341692
0.269313
0.20889
0.158346
0.115841
0.079585
0.0482228
0.0209812
-0.0028448
1.45019
1.27255
1.10857
0.957517
0.819151
0.693615
0.581092
0.481543
0.394816
0.320178
0.256788
0.2035
0.158742
0.121029
0.089073
0.06161
0.0377071
0.0168648
-0.00139098
0.903791
0.785742
0.680892
0.586423
0.501001
0.424098
0.355484
0.294936
0.242239
0.196868
0.158276
0.125741
0.0983027
0.0750593
0.0552421
0.0380944
0.0230706
0.00989809
-0.00168345
0.344347
0.295461
0.254039
0.217478
0.184762
0.155516
0.129589
0.106859
0.0872141
0.070423
0.0562459
0.04438
0.0344392
0.0260632
0.018943
0.0127799
0.00735612
0.00255755
-0.00171559
-0.344183
-0.295081
-0.253509
-0.216855
-0.184089
-0.154832
-0.128921
-0.10623
-0.0866365
-0.0699058
-0.0557927
-0.0439908
-0.0341125
-0.0257965
-0.0187336
-0.0126256
-0.00725499
-0.0025078
0.00171564
-0.903633
-0.785398
-0.680418
-0.585868
-0.500405
-0.423495
-0.3549
-0.294388
-0.241741
-0.196426
-0.157891
-0.125415
-0.0980328
-0.0748432
-0.0550775
-0.0379795
-0.0230037
-0.00987775
0.001659
-1.45002
-1.27221
-1.1081
-0.956962
-0.818554
-0.693011
-0.580507
-0.480996
-0.394319
-0.319738
-0.256407
-0.203177
-0.158474
-0.120811
-0.0889009
-0.0614801
-0.037616
-0.0168092
0.0014141
-1.95552
-1.7209
-1.50216
-1.2987
-1.11091
-0.939581
-0.785494
-0.648968
-0.530052
-0.427913
-0.341451
-0.269117
-0.208735
-0.158227
-0.115754
-0.0795278
-0.0481917
-0.0209736
0.00283135
-2.40125
-2.11418
-1.84816
-1.59982
-1.36911
-1.15729
-0.965867
-0.795759
-0.647444
-0.520203
-0.41281
-0.323418
-0.249318
-0.187885
-0.136748
-0.093616
-0.0567146
-0.0249722
0.00256525
-2.80213
-2.4761
-2.16985
-1.88025
-1.60821
-1.35637
-1.12762
-0.923921
-0.746471
-0.594795
-0.467554
-0.362531
-0.27638
-0.205818
-0.14786
-0.0996823
-0.0591634
-0.0250441
0.00377479
-3.04615
-2.75774
-2.46699
-2.17743
-1.89342
-1.62045
-1.36435
-1.12988
-0.920847
-0.738904
-0.584267
-0.45563
-0.349991
-0.263958
-0.194087
-0.136569
-0.0881172
-0.0456198
-0.00587438
-3.05561
-2.77359
-2.47106
-2.16174
-1.85608
-1.56295
-1.29041
-1.04421
-0.828433
-0.644393
-0.4916
-0.36747
-0.267896
-0.188005
-0.12294
-0.0668451
-0.0155008
0.0347635
0.0850104
-3.02869
-2.76352
-2.4544
-2.12171
-1.78448
-1.45914
-1.15965
-0.895125
-0.670842
-0.48723
-0.341894
-0.22937
-0.142993
-0.0755303
-0.0212819
0.0251626
0.0645312
0.0959661
0.114998
-2.91447
-2.70729
-2.43828
-2.12922
-1.8026
-1.47934
-1.17765
-0.909906
-0.683272
-0.498875
-0.354357
-0.24367
-0.159795
-0.0956629
-0.0464112
-0.00812895
0.0187572
0.033795
0.0359392
-2.66534
-2.4994
-2.26128
-1.97245
-1.65782
-1.34222
-1.04752
-0.788565
-0.573372
-0.402744
-0.273175
-0.177474
-0.107953
-0.0575692
-0.021726
0.00285973
0.0168492
0.0218961
0.0205954
-2.36101
-2.22691
-2.02036
-1.75776
-1.4642
-1.16698
-0.890384
-0.650764
-0.456147
-0.306525
-0.197123
-0.11984
-0.0666437
-0.0306769
-0.00745273
0.00630679
0.012382
0.0133238
0.0116566
-2.00067
-1.90496
-1.73219
-1.4995
-1.23317
-0.962548
-0.713327
-0.502112
-0.33587
-0.21312
-0.127657
-0.0706772
-0.0341298
-0.0115462
0.00132306
0.00760984
0.00937305
0.00883752
0.00763766
-1.47312
-1.41415
-1.28538
-1.10245
-0.889794
-0.674631
-0.480134
-0.320347
-0.199803
-0.115505
-0.0606766
-0.02703
-0.00765012
0.00267715
0.00726512
0.00847102
0.00781136
0.00664013
0.00567813
-0.935212
-0.899279
-0.807289
-0.673341
-0.519488
-0.368746
-0.238943
-0.139179
-0.0702157
-0.0273122
-0.00365178
0.00775311
0.0119586
0.0123869
0.0109672
0.00892309
0.00690827
0.00541883
0.00455804
-0.31811
-0.291568
-0.234936
-0.160808
-0.084882
-0.0205413
0.0245771
0.0492273
0.0571902
0.0541749
0.0455808
0.0356406
0.0264499
0.0189288
0.0131681
0.00903172
0.00623748
0.00458135
0.00376959
0.310081
0.33754
0.361748
0.370611
0.358179
0.325058
0.27708
0.222237
0.168541
0.121461
0.0836673
0.0556189
0.0358847
0.0226368
0.0140625
0.00873531
0.00557405
0.00387431
0.00309945
0.933686
1.01825
1.05253
1.01677
0.915312
0.769353
0.606287
0.450014
0.316425
0.21188
0.13595
0.0842151
0.0506447
0.0297766
0.017279
0.0100552
0.00603219
0.0038943
0.00272873
1.39336
1.37505
1.28248
1.12688
0.932838
0.72889
0.538874
0.377948
0.252329
0.160799
0.0982797
0.057894
0.0330224
0.0183413
0.0100101
0.00542759
0.00297438
0.00162296
0.000650449
1.88321
1.91841
1.8439
1.6662
1.41458
1.13036
0.852199
0.608176
0.412505
0.266829
0.165537
0.0990167
0.0574023
0.0324414
0.0180238
0.00990063
0.005385
0.00277764
0.000957958
2.29004
2.30966
2.19757
1.96969
1.66281
1.32457
0.997738
0.712876
0.484922
0.315059
0.19659
0.118407
0.0692069
0.0394871
0.0221752
0.0123096
0.0067312
0.00343387
0.00112362
2.62886
2.6202
2.46823
2.19651
1.84638
1.46853
1.10716
0.793517
0.542501
0.354867
0.223305
0.13586
0.0803684
0.046524
0.0265913
0.0150777
0.00844519
0.00441361
0.00148136
2.92758
2.87759
2.682
2.36892
1.98216
1.57356
1.18707
0.853255
0.58625
0.386164
0.245189
0.150862
0.0905192
0.0533671
0.0312429
0.018278
0.0106404
0.00580306
0.00203576
3.16977
3.07147
2.83312
2.48328
2.06733
1.63705
1.23486
0.889588
0.613947
0.407168
0.260976
0.162643
0.0993113
0.059991
0.0363263
0.0222343
0.0136795
0.00791249
0.00294038
3.26691
3.13811
2.87188
2.50131
2.07338
1.63839
1.23609
0.89271
0.619209
0.413963
0.268487
0.170218
0.106555
0.066713
0.0424618
0.0277111
0.0183344
0.0113736
0.00449608
3.39155
3.22461
2.91964
2.51966
2.07395
1.63115
1.22799
0.887441
0.618007
0.416597
0.27405
0.177727
0.115179
0.0758319
0.0516215
0.036466
0.0261268
0.0173336
0.00721506
3.48239
3.2605
2.91341
2.48663
2.02919
1.58645
1.19099
0.861513
0.603447
0.411903
0.276956
0.186003
0.126948
0.0896299
0.0663272
0.0510201
0.0393293
0.0275051
0.01184
3.49357
3.21716
2.83316
2.38825
1.9303
1.49982
1.12391
0.816066
0.578159
0.403386
0.281202
0.199295
0.146219
0.112463
0.0908191
0.0753119
0.0613106
0.0443086
0.0193616
3.43655
3.10955
2.69372
2.23963
1.79252
1.38603
1.04048
0.763454
0.55306
0.400643
0.295327
0.225344
0.180137
0.150984
0.131241
0.114802
0.0965403
0.0707991
0.0309439
3.36444
2.97731
2.53021
2.07339
1.64561
1.27148
0.963471
0.722963
0.544403
0.417461
0.33126
0.274712
0.238251
0.213884
0.195413
0.176217
0.150297
0.110394
0.0477875
3.24056
2.79131
2.32548
1.88225
1.4897
1.16154
0.901551
0.705131
0.56358
0.465446
0.400474
0.358521
0.331157
0.311022
0.292159
0.266951
0.228122
0.166448
0.0709742
2.90134
2.4355
1.99577
1.60956
1.29022
1.0384
0.848817
0.712053
0.617748
0.554694
0.514556
0.488829
0.470622
0.453227
0.430778
0.394258
0.334883
0.241472
0.10117
2.58203
2.11717
1.72424
1.41244
1.17615
1.00375
0.883018
0.802061
0.750443
0.717986
0.698662
0.685402
0.672413
0.65302
0.62087
0.564996
0.474907
0.337695
0.139086
2.19887
1.77127
1.47131
1.26837
1.13593
1.05362
1.00581
0.980953
0.970288
0.965661
0.963761
0.959002
0.946353
0.918717
0.868842
0.783623
0.650946
0.45675
0.185809
1.54977
1.29049
1.1744
1.13915
1.14734
1.17738
1.21524
1.25285
1.28527
1.30785
1.32054
1.31976
1.30109
1.25694
1.17903
1.05259
0.864374
0.600094
0.243569
0.906807
0.924903
1.03854
1.18414
1.33069
1.46366
1.57553
1.66356
1.72774
1.76735
1.78482
1.77866
1.74426
1.67331
1.55635
1.3776
1.12271
0.777033
0.320616
0.271439
0.65419
1.03131
1.36841
1.6545
1.88659
2.06672
2.19815
2.28656
2.33583
2.35012
2.33068
2.27245
2.16684
2.00348
1.76659
1.44009
1.00685
0.436161
-0.220752
0.546991
1.18174
1.69934
2.11439
2.43495
2.67371
2.83931
2.94349
2.99532
2.99984
2.96226
2.87714
2.73679
2.53044
2.24315
1.85462
1.33892
0.640066
-0.454168
0.619744
1.46762
2.13922
2.66623
3.06214
3.3494
3.54085
3.65451
3.70558
3.69954
3.64748
3.54492
3.38733
3.16466
2.86335
2.45356
1.88794
1.05986
-0.384609
0.842102
1.83366
2.62357
3.24146
3.6982
4.02383
4.23457
4.35508
4.4082
4.40072
4.3525
4.26398
4.13867
3.97031
3.74863
3.42766
2.91947
2.02948
-0.0790932
1.14406
2.2087
3.07985
3.76516
4.26642
4.61907
4.84352
4.97134
5.03635
5.04885
5.04226
5.03208
5.04131
5.07734
5.14636
5.18907
5.06422
4.44663
0.285309
1.42905
2.52469
3.4485
4.17703
4.70381
5.06809
5.2996
5.43489
5.52712
5.59218
5.68546
5.86664
6.21678
6.82693
7.89437
9.69923
12.8227
18.4547
)
;

boundaryField
{
    up
    {
        type            calculated;
        value           nonuniform List<scalar> 
84
(
-18.4547
-4.44664
-2.0295
-1.05987
-0.640064
-0.43615
-0.320601
-0.243558
-0.185805
-0.139088
-0.101176
-0.0709806
-0.047792
-0.0309459
-0.0193615
-0.0118388
-0.00721358
-0.00449478
-0.00293943
-0.00203512
-0.00148092
-0.00112319
-0.000957584
-0.000651832
-0.00219769
-0.00272971
-0.00334716
-0.0040123
-0.00485784
-0.00623465
-0.00898158
-0.0147257
-0.0241585
-0.104185
-0.0855907
0.00609545
-0.003543
-0.00240543
-0.00273771
-0.00133856
-0.0016563
-0.00170506
0.0017052
0.00163213
0.00136188
0.00272488
0.00239787
0.00352438
-0.00595824
0.0842773
0.105415
0.0243281
0.0147774
0.00898996
0.0062318
0.00485423
0.00401131
0.00334938
0.00273339
0.00220636
0.000650449
0.000957958
0.00112362
0.00148136
0.00203576
0.00294038
0.00449608
0.00721506
0.01184
0.0193616
0.0309439
0.0477875
0.0709742
0.10117
0.139086
0.185809
0.243569
0.320616
0.436161
0.640066
1.05986
2.02948
4.44663
18.4547
)
;
    }
    low
    {
        type            calculated;
        value           nonuniform List<scalar> 
84
(
-0.255735
0.124966
0.45602
0.528665
0.265611
-0.27936
-0.969287
-1.65092
-2.31359
-2.6773
-2.98942
-3.31985
-3.41428
-3.4711
-3.52074
-3.49362
-3.38756
-3.26006
-3.1517
-2.88317
-2.56703
-2.21802
-1.80411
-1.31828
-0.869461
-0.286182
0.290233
0.868026
1.39214
1.92856
2.31269
2.63513
2.90599
3.04501
3.08821
3.09882
2.87346
2.47064
2.01418
1.495
0.932724
0.356228
-0.356063
-0.932562
-1.49482
-2.01403
-2.47052
-2.8734
-3.09874
-3.0886
-3.04475
-2.90609
-2.63519
-2.31278
-1.92865
-1.39224
-0.868146
-0.290342
0.285918
0.869613
1.31808
1.80419
2.21802
2.56703
2.88317
3.1517
3.26007
3.38757
3.49363
3.52074
3.4711
3.41429
3.31984
2.98943
2.67733
2.31361
1.65093
0.969302
0.279372
-0.265604
-0.528667
-0.45603
-0.124974
0.255736
)
;
    }
    left
    {
        type            calculated;
        value           nonuniform List<scalar> 
19
(
-0.258116
-1.38677
-2.51413
-3.47801
-4.24407
-4.79933
-5.18477
-5.43364
-5.58202
-5.69361
-5.78394
-5.91278
-6.15637
-6.61857
-7.41015
-8.8009
-11.176
-15.3447
-15.9999
)
;
    }
    right
    {
        type            calculated;
        value           nonuniform List<scalar> 
19
(
0.258121
1.38678
2.51412
3.47799
4.24405
4.79932
5.18476
5.43364
5.58203
5.69364
5.78398
5.91281
6.15639
6.61855
7.4101
8.80083
11.1759
15.3447
15.9999
)
;
    }
    frontAndBackPlanes
    {
        type            empty;
    }
}


// ************************************************************************* //
