/*--------------------------------*- C++ -*----------------------------------*\
  =========                 |
  \\      /  F ield         | OpenFOAM: The Open Source CFD Toolbox
   \\    /   O peration     | Website:  https://openfoam.org
    \\  /    A nd           | Version:  7
     \\/     M anipulation  |
\*---------------------------------------------------------------------------*/
FoamFile
{
    version     2.0;
    format      ascii;
    class       volScalarField;
    location    "0.025";
    object      gradTx;
}
// * * * * * * * * * * * * * * * * * * * * * * * * * * * * * * * * * * * * * //

dimensions      [0 -1 0 1 0 0 0];

internalField   nonuniform List<scalar> 
1596
(
-0.815299
-4.00636
-6.65525
-8.37485
-9.30679
-9.69836
-9.81964
-9.80335
-9.71785
-9.61545
-9.46077
-9.27825
-9.08296
-8.92368
-8.88691
-9.24476
-10.3928
-13.0456
-18.4584
0.380096
-2.74923
-5.18769
-6.7668
-7.64117
-8.02546
-8.15393
-8.14608
-8.07831
-7.99072
-7.8726
-7.74408
-7.58667
-7.38703
-7.10954
-6.74292
-6.25111
-5.58894
-4.55537
1.35212
-1.28221
-3.27468
-4.58083
-5.32313
-5.66694
-5.79218
-5.80114
-5.76268
-5.7101
-5.64812
-5.59329
-5.52991
-5.43806
-5.26961
-4.95644
-4.40316
-3.5289
-2.21722
1.56614
-0.2201
-1.62056
-2.58447
-3.16059
-3.44815
-3.56557
-3.59149
-3.58053
-3.5592
-3.53968
-3.53441
-3.53687
-3.53536
-3.49742
-3.35526
-3.00626
-2.34167
-1.24933
0.992265
0.146129
-0.62921
-1.22802
-1.62088
-1.83771
-1.93793
-1.9719
-1.97743
-1.97387
-1.97433
-1.98736
-2.01258
-2.04647
-2.0749
-2.05234
-1.90002
-1.51043
-0.76207
-0.0882867
-0.123299
-0.32031
-0.556714
-0.753534
-0.882654
-0.952096
-0.982017
-0.992512
-0.995303
-1.00056
-1.01363
-1.0363
-1.06907
-1.10899
-1.13274
-1.09303
-0.907328
-0.46394
-1.34759
-0.79768
-0.507143
-0.400646
-0.392236
-0.416649
-0.441035
-0.455819
-0.462992
-0.465845
-0.469826
-0.477681
-0.491102
-0.51143
-0.53993
-0.56735
-0.570888
-0.499114
-0.267697
-2.53618
-1.62158
-0.957159
-0.548467
-0.338133
-0.247713
-0.216193
-0.207617
-0.206289
-0.206335
-0.207855
-0.211282
-0.217394
-0.227105
-0.242166
-0.259881
-0.2715
-0.250306
-0.142965
-3.68905
-2.57884
-1.61895
-0.922679
-0.493289
-0.263642
-0.156468
-0.11196
-0.0954537
-0.0897258
-0.0883461
-0.0889483
-0.0910116
-0.0947087
-0.101094
-0.10972
-0.118085
-0.114481
-0.0700352
-4.3782
-3.26503
-2.16725
-1.28679
-0.692407
-0.345347
-0.168046
-0.087218
-0.0540822
-0.0415873
-0.0373422
-0.0362298
-0.0364374
-0.0374773
-0.0396831
-0.043072
-0.0472412
-0.047851
-0.0313791
-4.96006
-3.85894
-2.67418
-1.65247
-0.91717
-0.461847
-0.215504
-0.0967243
-0.0452004
-0.0247784
-0.0173146
-0.0148191
-0.0141331
-0.0141605
-0.0147287
-0.0158075
-0.0174529
-0.0183187
-0.0128545
-5.59061
-4.4974
-3.22571
-2.0629
-1.18223
-0.611259
-0.288454
-0.126143
-0.052768
-0.0225304
-0.0110308
-0.00696759
-0.00562133
-0.00522791
-0.00523644
-0.00548119
-0.0060019
-0.00645043
-0.00481713
-5.86935
-4.8628
-3.58174
-2.34973
-1.37976
-0.729835
-0.350917
-0.15483
-0.063662
-0.0250503
-0.00997628
-0.00450372
-0.00262308
-0.00200519
-0.00183017
-0.00182364
-0.00194427
-0.0021056
-0.00165805
-6.06306
-5.12751
-3.84649
-2.56609
-1.53064
-0.822016
-0.400811
-0.178908
-0.0739025
-0.0286362
-0.0106597
-0.00401782
-0.00169734
-0.000920857
-0.00067174
-0.000597992
-0.000601673
-0.000642723
-0.000526766
-6.23941
-5.34998
-4.0578
-2.73185
-1.64246
-0.888722
-0.436442
-0.196129
-0.0814359
-0.0315483
-0.0115612
-0.00410435
-0.00147527
-0.0005898
-0.000301744
-0.000209176
-0.000184149
-0.00018642
-0.000155536
-6.3076
-5.47374
-4.17705
-2.82012
-1.69737
-0.918891
-0.4514
-0.202949
-0.0843081
-0.0326407
-0.0119108
-0.00415644
-0.00141458
-0.00048911
-0.000187823
-9.11899e-05
-6.09547e-05
-5.34267e-05
-4.33307e-05
-6.24239
-5.46938
-4.18048
-2.81374
-1.6843
-0.906156
-0.442369
-0.197747
-0.0817266
-0.0314886
-0.0114333
-0.00395813
-0.00132222
-0.000434454
-0.000146214
-5.44111e-05
-2.54694e-05
-1.66352e-05
-1.1816e-05
-6.12393
-5.38329
-4.09769
-2.73216
-1.61571
-0.858052
-0.413561
-0.182664
-0.0746696
-0.028482
-0.010248
-0.00351572
-0.00116117
-0.000373764
-0.000119769
-3.94904e-05
-1.44047e-05
-6.56422e-06
-3.45371e-06
-6.07198
-5.34806
-4.03505
-2.64879
-1.53693
-0.799961
-0.377961
-0.163803
-0.0657826
-0.0246817
-0.00874681
-0.00295818
-0.000963363
-0.000305149
-9.5437e-05
-2.99401e-05
-9.73884e-06
-3.47894e-06
-1.25885e-06
-5.76075
-5.12135
-3.83556
-2.47452
-1.40385
-0.713005
-0.328669
-0.139094
-0.0546233
-0.0200711
-0.00697733
-0.00231799
-0.000742363
-0.000231337
-7.10728e-05
-2.17413e-05
-6.7436e-06
-2.16082e-06
-6.08815e-07
-5.32798
-4.78157
-3.55055
-2.24466
-1.24004
-0.611658
-0.273721
-0.112561
-0.0430218
-0.0154134
-0.00523478
-0.00170207
-0.000534366
-0.000163446
-4.93189e-05
-1.47957e-05
-4.47228e-06
-1.36847e-06
-3.45901e-07
-4.78847
-4.33401
-3.18787
-1.97167
-1.05799
-0.505193
-0.218664
-0.0870325
-0.0322472
-0.011222
-0.00371024
-0.00117686
-0.000361149
-0.000108163
-3.2004e-05
-9.42009e-06
-2.79103e-06
-8.32999e-07
-2.02024e-07
-4.06256
-3.71004
-2.7084
-1.64258
-0.857838
-0.397047
-0.166311
-0.0640609
-0.0229963
-0.00776677
-0.00249759
-0.000772272
-0.000231548
-6.79044e-05
-1.97151e-05
-5.70448e-06
-1.66463e-06
-4.91201e-07
-1.19664e-07
-3.08623
-2.74468
-1.93714
-1.13097
-0.567771
-0.25262
-0.101788
-0.0377329
-0.0130366
-0.0042352
-0.00130866
-0.000388178
-0.000111424
-3.12155e-05
-8.64067e-06
-2.3821e-06
-6.66916e-07
-1.96387e-07
-5.50984e-08
-2.08218
-1.99355
-1.50688
-0.932921
-0.492097
-0.228464
-0.0957558
-0.0369246
-0.0133129
-0.00454086
-0.00148221
-0.000468305
-0.000144283
-4.37046e-05
-1.3134e-05
-3.95546e-06
-1.21327e-06
-4.05422e-07
-1.76503e-07
-0.678553
-0.642683
-0.520139
-0.356533
-0.209955
-0.108579
-0.0503811
-0.0213421
-0.00839024
-0.00309965
-0.00108906
-0.000368696
-0.000121243
-3.90736e-05
-1.24445e-05
-3.94854e-06
-1.2713e-06
-4.5721e-07
-2.32471e-07
0.772294
0.704361
0.461302
0.224279
0.079666
0.016676
-0.00237935
-0.00479604
-0.00320632
-0.00161888
-0.000703995
-0.000279623
-0.00010428
-3.72858e-05
-1.29604e-05
-4.40394e-06
-1.48413e-06
-5.62841e-07
-3.25382e-07
2.1598
1.98757
1.43049
0.832518
0.404559
0.16762
0.0597121
0.0181145
0.0044519
0.000708813
-5.9963e-05
-0.000120132
-7.08614e-05
-3.26991e-05
-1.34924e-05
-5.14738e-06
-1.80652e-06
-6.65025e-07
-4.32563e-07
3.28977
3.01142
2.23632
1.3791
0.725078
0.331828
0.134174
0.0483427
0.015548
0.00440981
0.00106567
0.000188375
2.17333e-06
-2.03158e-05
-1.39724e-05
-6.98052e-06
-2.76207e-06
-8.7643e-07
-5.18688e-07
4.29372
3.87964
2.93358
1.88418
1.04843
0.514252
0.225543
0.089378
0.0322521
0.0106182
0.00318931
0.000855578
0.000191377
2.43866e-05
-8.37803e-06
-9.82448e-06
-5.40012e-06
-1.66632e-06
-4.15222e-07
4.87259
4.36813
3.36339
2.24366
1.31555
0.687565
0.324473
0.13974
0.0554634
0.0204223
0.00703858
0.00227205
0.000681689
0.00018134
3.47484e-05
-3.82054e-06
-8.35686e-06
-3.55745e-06
6.16827e-07
5.29458
4.73105
3.70229
2.55358
1.56938
0.869285
0.43903
0.204306
0.0885702
0.0361038
0.0140272
0.0052476
0.00191063
0.000677872
0.000230707
6.60096e-05
1.12176e-05
5.01965e-07
4.74377e-06
5.58683
4.96321
3.93535
2.79612
1.79459
1.05009
0.566043
0.283969
0.134143
0.0603369
0.0262686
0.0112419
0.0048145
0.00209364
0.000936438
0.000417527
0.000182462
8.10888e-05
5.70241e-05
5.63117
4.94427
3.93728
2.84838
1.88145
1.14185
0.641574
0.336199
0.165737
0.0774584
0.0347237
0.0150951
0.00644642
0.00273241
0.00115859
0.000456518
0.000127001
-4.0835e-05
-9.94469e-05
5.52929
4.84609
3.91608
2.92089
2.01785
1.29736
0.781149
0.443249
0.238847
0.123092
0.0612465
0.0297087
0.014176
0.00671163
0.00317915
0.00147469
0.000610452
0.000104171
-0.000251159
5.38306
4.7071
3.8402
2.92198
2.07865
1.38834
0.875515
0.524383
0.300456
0.165811
0.0888858
0.0467258
0.0242774
0.0125732
0.00654792
0.00342462
0.00176233
0.000811295
0.000179649
4.86314
4.15251
3.33098
2.50609
1.77166
1.18146
0.747192
0.450705
0.261142
0.146311
0.0799321
0.0429894
0.0229327
0.0122287
0.00656343
0.003527
0.00184024
0.000830537
0.000143454
4.11411
3.50217
2.81063
2.12393
1.5141
1.02205
0.65658
0.403586
0.238983
0.137196
0.0769818
0.0426134
0.0234397
0.0129057
0.00715581
0.00396898
0.00213138
0.000986153
0.000176399
3.32017
2.82641
2.27058
1.72128
1.23413
0.840088
0.545631
0.339911
0.204464
0.119491
0.0683944
0.0386931
0.0217879
0.0122957
0.0069907
0.00397114
0.00217625
0.00101994
0.000176725
2.44711
2.07828
1.6692
1.26807
0.913221
0.625793
0.410019
0.25818
0.157265
0.0932301
0.0542199
0.0312135
0.0179088
0.0103077
0.00597926
0.00346343
0.00193286
0.000923265
0.000172504
1.51949
1.27949
1.02365
0.777011
0.56038
0.385263
0.253652
0.160724
0.0986463
0.0589952
0.0346517
0.0201683
0.0117096
0.00682397
0.00400783
0.00234744
0.0013199
0.000629055
0.000106136
0.57745
0.479584
0.380599
0.287258
0.206225
0.141219
0.092643
0.0585066
0.0357955
0.0213424
0.0124983
0.00725288
0.00419854
0.0024392
0.00142726
0.000831008
0.000460847
0.000209546
1.61229e-05
-0.577169
-0.478954
-0.379795
-0.28643
-0.205478
-0.140607
-0.0921774
-0.0581728
-0.0355671
-0.0211918
-0.0124015
-0.00719166
-0.0041601
-0.00241509
-0.00141207
-0.000821495
-0.000455127
-0.000206597
-1.54657e-05
-1.51922
-1.27893
-1.02295
-0.776303
-0.559754
-0.38476
-0.253277
-0.16046
-0.0984691
-0.0588805
-0.0345793
-0.0201232
-0.0116818
-0.00680679
-0.00399719
-0.00234093
-0.00131614
-0.000627316
-0.00010609
-2.44683
-2.07772
-1.66853
-1.26742
-0.912662
-0.625358
-0.409704
-0.257965
-0.157125
-0.0931421
-0.054166
-0.031181
-0.0178894
-0.010296
-0.0059722
-0.00345915
-0.00193029
-0.000921827
-0.000171877
-3.31993
-2.826
-2.27012
-1.72088
-1.23383
-0.839888
-0.54551
-0.339844
-0.20443
-0.119476
-0.0683887
-0.0386916
-0.0217882
-0.0122965
-0.00699152
-0.00397184
-0.0021768
-0.00102033
-0.000176926
-4.11391
-3.50186
-2.81035
-2.12375
-1.51402
-1.02205
-0.656623
-0.403643
-0.239037
-0.137239
-0.0770133
-0.042635
-0.0234539
-0.0129147
-0.0071615
-0.00397252
-0.00213349
-0.000987241
-0.000176639
-4.86303
-4.15235
-3.3309
-2.50615
-1.77183
-1.18169
-0.747422
-0.450902
-0.261293
-0.146417
-0.0800024
-0.0430336
-0.0229595
-0.0122446
-0.00657269
-0.00353234
-0.0018432
-0.000831922
-0.000143685
-5.38289
-4.70655
-3.83946
-2.92125
-2.07805
-1.3879
-0.875242
-0.52423
-0.30038
-0.165777
-0.088873
-0.0467221
-0.024277
-0.0125737
-0.00654838
-0.0034248
-0.00176213
-0.0008108
-0.000179064
-5.53002
-4.84825
-3.91951
-2.92501
-2.02198
-1.30096
-0.783954
-0.44524
-0.240154
-0.123896
-0.0617163
-0.0299727
-0.0143203
-0.00678956
-0.00322133
-0.00149809
-0.00062404
-0.000112385
0.000247215
-5.6307
-4.9435
-3.93665
-2.84807
-1.88143
-1.14196
-0.641697
-0.336276
-0.165764
-0.0774537
-0.0347054
-0.0150751
-0.00642998
-0.00272057
-0.00115066
-0.000451283
-0.000123084
4.45015e-05
0.000102597
-5.58706
-4.96406
-3.93689
-2.79806
-1.79651
-1.05167
-0.567178
-0.284695
-0.134567
-0.0605689
-0.0263903
-0.0113046
-0.00484697
-0.00211088
-0.00094603
-0.00042308
-0.000185653
-8.28229e-05
-5.94738e-05
-5.2947
-4.73169
-3.70356
-2.5552
-1.57095
-0.870522
-0.439863
-0.204801
-0.0888359
-0.0362364
-0.0140902
-0.00527675
-0.00192397
-0.000683964
-0.000233467
-6.71899e-05
-1.17466e-05
-8.63425e-07
-5.12688e-06
-4.87274
-4.3688
-3.36467
-2.24523
-1.31698
-0.688615
-0.325128
-0.140098
-0.0556401
-0.0205024
-0.00707278
-0.00228591
-0.000686991
-0.000183148
-3.51419e-05
4.00424e-06
8.63043e-06
3.54882e-06
-6.27767e-07
-4.2939
-3.88036
-2.93486
-1.88565
-1.04968
-0.515103
-0.226033
-0.0896245
-0.0323628
-0.0106635
-0.00320641
-0.000861449
-0.000193082
-2.46479e-05
8.5808e-06
1.01565e-05
5.68168e-06
1.72833e-06
4.3312e-07
-3.28995
-3.01212
-2.23749
-1.38035
-0.726058
-0.332446
-0.134501
-0.0484936
-0.0156097
-0.00443255
-0.00107318
-0.000190467
-2.53479e-06
2.04264e-05
1.41706e-05
7.16441e-06
2.88857e-06
9.02023e-07
5.29555e-07
-2.16005
-1.98832
-1.43156
-0.833539
-0.405284
-0.168035
-0.059912
-0.018198
-0.00448269
-0.000718798
5.72214e-05
0.000119619
7.09103e-05
3.28298e-05
1.3597e-05
5.21564e-06
1.8417e-06
6.66738e-07
4.38029e-07
-0.772553
-0.705068
-0.462173
-0.224999
-0.0801166
-0.016905
0.00228121
0.0047598
0.00319482
0.00161591
0.000703521
0.000279717
0.000104419
3.73734e-05
1.30034e-05
4.42079e-06
1.48737e-06
5.5902e-07
3.28084e-07
0.677941
0.641287
0.518721
0.355549
0.209426
0.108343
0.0502911
0.0213121
0.00838152
0.00309755
0.00108872
0.000368714
0.000121289
3.90946e-05
1.24477e-05
3.94427e-06
1.2657e-06
4.53069e-07
2.32787e-07
2.08237
1.99427
1.50782
0.933711
0.492602
0.228731
0.095879
0.0369764
0.0133333
0.00454861
0.00148505
0.000469314
0.000144627
4.38145e-05
1.31649e-05
3.96178e-06
1.21327e-06
4.04812e-07
1.768e-07
3.08571
2.74337
1.93572
1.1299
0.567136
0.252303
0.101649
0.0376784
0.0130168
0.00422848
0.00130647
0.000387469
0.000111191
3.11353e-05
8.61103e-06
2.37043e-06
6.62254e-07
1.94737e-07
5.48031e-08
4.06272
3.71034
2.70872
1.64281
0.85797
0.39711
0.166339
0.0640719
0.0230004
0.00776822
0.00249806
0.000772406
0.000231581
6.79098e-05
1.97148e-05
5.70358e-06
1.6641e-06
4.91009e-07
1.19612e-07
4.78844
4.33399
3.18786
1.97166
1.05799
0.505187
0.218661
0.0870316
0.0322471
0.0112221
0.00371034
0.00117692
0.000361174
0.000108173
3.20075e-05
9.42124e-06
2.79135e-06
8.33088e-07
2.02026e-07
5.32795
4.78155
3.55054
2.24466
1.24003
0.611654
0.273718
0.11256
0.0430216
0.0154136
0.00523495
0.00170218
0.000534424
0.000163473
4.93301e-05
1.47999e-05
4.47361e-06
1.36889e-06
3.45989e-07
5.76073
5.12133
3.83555
2.47452
1.40385
0.713003
0.328667
0.139092
0.0546229
0.0200712
0.00697755
0.00231816
0.00074246
0.000231384
7.10936e-05
2.1749e-05
6.74545e-06
2.1614e-06
6.09028e-07
6.07197
5.34805
4.03505
2.6488
1.53694
0.799961
0.37796
0.163801
0.0657822
0.0246818
0.00874711
0.00295842
0.000963502
0.000305219
9.54669e-05
2.99483e-05
9.73761e-06
3.47876e-06
1.25958e-06
6.12393
5.38329
4.09769
2.73216
1.61572
0.858053
0.41356
0.182664
0.0746694
0.0284823
0.0102484
0.00351601
0.00116134
0.000373848
0.000119799
3.94852e-05
1.43868e-05
6.56192e-06
3.45809e-06
6.24238
5.46938
4.18048
2.81375
1.6843
0.906158
0.442369
0.197746
0.0817266
0.0314889
0.0114336
0.0039584
0.00132237
0.000434523
0.000146208
5.4345e-05
2.53957e-05
1.66366e-05
1.18399e-05
6.30761
5.47374
4.17706
2.82013
1.69737
0.918896
0.451402
0.20295
0.0843085
0.032641
0.011911
0.00415661
0.00141466
0.000489102
0.000187687
9.09333e-05
6.07395e-05
5.34843e-05
4.34347e-05
6.23941
5.34998
4.0578
2.73185
1.64246
0.888728
0.436446
0.196131
0.0814368
0.0315487
0.0115614
0.00410438
0.00147523
0.000589589
0.000301241
0.000208438
0.000183674
0.000186766
0.000155897
6.06307
5.12752
3.8465
2.5661
1.53065
0.822025
0.400818
0.178912
0.073904
0.0286366
0.0106597
0.00401766
0.00169703
0.00092013
0.000670363
0.000596298
0.000600979
0.000644073
0.000527771
5.86937
4.86281
3.58175
2.34974
1.37977
0.729847
0.350925
0.154835
0.0636637
0.0250505
0.00997596
0.00450321
0.00262216
0.00200334
0.00182717
0.00182068
0.00194416
0.00210953
0.00166024
5.59061
4.4974
3.22571
2.0629
1.18224
0.611266
0.28846
0.126147
0.052769
0.0225301
0.0110301
0.00696651
0.00561926
0.00522417
0.0052315
0.00547802
0.00600489
0.0064591
0.00482064
4.96009
3.85898
2.67421
1.6525
0.917187
0.461858
0.215511
0.0967274
0.0452012
0.024778
0.0173135
0.014817
0.0141292
0.0141549
0.0147237
0.0158084
0.0174633
0.0183325
0.0128576
4.37826
3.26508
2.16729
1.28682
0.692423
0.345355
0.16805
0.0872184
0.0540812
0.0415856
0.0373398
0.036226
0.0364321
0.0374724
0.0396842
0.0430845
0.0472613
0.047863
0.0313771
3.68909
2.57888
1.61899
0.922699
0.493299
0.263644
0.156466
0.111957
0.0954508
0.0897227
0.0883423
0.0889437
0.091008
0.0947115
0.10111
0.109748
0.118107
0.114474
0.0700223
2.53621
1.62161
0.95718
0.548475
0.338132
0.247707
0.216186
0.207612
0.206285
0.206331
0.207851
0.211279
0.217398
0.227123
0.2422
0.259915
0.271499
0.25026
0.142941
1.34762
0.797704
0.507156
0.400646
0.392228
0.416639
0.441025
0.455812
0.462986
0.46584
0.469824
0.477684
0.491118
0.511462
0.539966
0.567356
0.570835
0.499033
0.267679
0.0883123
0.123309
0.32031
0.556705
0.75352
0.88264
0.952084
0.982007
0.992504
0.995298
1.00056
1.01364
1.03633
1.06909
1.10899
1.13268
1.09293
0.907262
0.463951
-0.992247
-0.146131
0.629197
1.22801
1.62086
1.8377
1.93791
1.97189
1.97743
1.97387
1.97433
1.98737
2.01259
2.04646
2.07483
2.05223
1.89994
1.51045
0.762116
-1.56613
0.220089
1.62053
2.58444
3.16057
3.44813
3.56555
3.59148
3.58051
3.55919
3.53967
3.53441
3.53685
3.5353
3.49732
3.35518
3.00629
2.34181
1.24938
-1.35213
1.28219
3.27466
4.58081
5.32311
5.66692
5.79216
5.80113
5.76266
5.71009
5.6481
5.59326
5.52986
5.43798
5.26956
4.95647
4.4033
3.52904
2.21721
-0.380104
2.74922
5.18769
6.76679
7.64116
8.02546
8.15393
8.14608
8.07831
7.99071
7.87259
7.74405
7.58664
7.38702
7.10958
6.74302
6.2512
5.5889
4.55533
0.815297
4.00636
6.65525
8.37485
9.30679
9.69836
9.81963
9.80335
9.71785
9.61544
9.46076
9.27825
9.08298
8.92372
8.88697
9.24477
10.3928
13.0454
18.4584
)
;

boundaryField
{
    up
    {
        type            calculated;
        value           nonuniform List<scalar> 
84
(
-18.4584
-4.55537
-2.21722
-1.24933
-0.76207
-0.46394
-0.267697
-0.142965
-0.0700352
-0.0313791
-0.0128545
-0.00481713
-0.00165805
-0.000526766
-0.000155536
-4.33307e-05
-1.1816e-05
-3.45371e-06
-1.25885e-06
-6.08815e-07
-3.45901e-07
-2.02024e-07
-1.19664e-07
-5.50984e-08
-1.11724e-07
-1.60132e-07
-2.46033e-07
-3.92586e-07
-7.06321e-07
-1.3744e-06
-1.76163e-06
6.08172e-06
8.37564e-05
-2.43364e-05
-0.000202039
0.000186671
0.000153063
0.000185289
0.000184566
0.000177781
0.0001097
1.78976e-05
-1.72279e-05
-0.000109628
-0.000177152
-0.000184748
-0.000185519
-0.000153284
-0.000186085
0.000199134
2.6637e-05
-8.81148e-05
-6.89663e-06
2.03819e-06
1.64955e-06
8.40621e-07
4.43497e-07
2.62725e-07
1.63877e-07
1.12025e-07
5.48031e-08
1.19612e-07
2.02026e-07
3.45989e-07
6.09028e-07
1.25958e-06
3.45809e-06
1.18399e-05
4.34347e-05
0.000155897
0.000527771
0.00166024
0.00482064
0.0128576
0.0313771
0.0700223
0.142941
0.267679
0.463951
0.762116
1.24938
2.21721
4.55533
18.4584
)
;
    }
    low
    {
        type            calculated;
        value           nonuniform List<scalar> 
84
(
-0.708364
0.564641
1.60387
1.79516
1.11434
-0.107866
-1.49259
-2.76626
-3.96036
-4.62995
-5.21585
-5.85011
-6.08977
-6.26834
-6.44504
-6.49783
-6.41787
-6.31043
-6.25928
-5.91189
-5.45427
-4.8958
-4.14022
-3.13403
-2.08558
-0.671969
0.760999
2.13846
3.2845
4.33275
4.9581
5.40214
5.71727
5.7836
5.69143
5.5635
5.05888
4.28907
3.46222
2.55295
1.58657
0.60439
-0.604106
-1.58629
-2.55265
-3.46194
-4.28881
-5.0587
-5.56324
-5.69197
-5.78304
-5.7173
-5.40211
-4.95811
-4.3328
-3.28458
-2.13865
-0.761238
0.671347
2.08574
3.13356
4.14034
4.89577
5.45425
5.91186
6.25928
6.31043
6.41787
6.49783
6.44504
6.26834
6.08979
5.85011
5.21589
4.63
3.9604
2.7663
1.49263
0.107894
-1.11432
-1.79515
-1.60388
-0.564649
0.708363
)
;
    }
    left
    {
        type            calculated;
        value           nonuniform List<scalar> 
19
(
-0.799207
-4.06684
-6.88612
-8.74248
-9.75998
-10.1946
-10.3371
-10.3348
-10.2537
-10.1602
-10.0087
-9.81984
-9.62454
-9.49439
-9.54037
-10.129
-11.7902
-15.4816
-15.9561
)
;
    }
    right
    {
        type            calculated;
        value           nonuniform List<scalar> 
19
(
0.799207
4.06685
6.88611
8.74247
9.75998
10.1946
10.3371
10.3348
10.2537
10.1602
10.0087
9.81985
9.62458
9.49445
9.54042
10.129
11.7901
15.4815
15.9562
)
;
    }
    frontAndBackPlanes
    {
        type            empty;
    }
}


// ************************************************************************* //
