/*--------------------------------*- C++ -*----------------------------------*\
  =========                 |
  \\      /  F ield         | OpenFOAM: The Open Source CFD Toolbox
   \\    /   O peration     | Website:  https://openfoam.org
    \\  /    A nd           | Version:  7
     \\/     M anipulation  |
\*---------------------------------------------------------------------------*/
FoamFile
{
    version     2.0;
    format      ascii;
    class       volScalarField;
    location    "0.482";
    object      gradTx;
}
// * * * * * * * * * * * * * * * * * * * * * * * * * * * * * * * * * * * * * //

dimensions      [0 -1 0 1 0 0 0];

internalField   nonuniform List<scalar> 
1596
(
-0.156982
-0.791789
-1.43143
-2.03163
-2.59609
-3.12834
-3.6518
-4.18081
-4.7329
-5.34382
-6.01954
-6.80304
-7.74888
-8.9437
-10.4953
-12.6893
-15.9754
-21.3282
-30.7618
0.0355616
-0.657108
-1.28211
-1.84081
-2.35164
-2.82074
-3.26864
-3.70188
-4.1329
-4.57842
-5.03547
-5.52438
-6.04775
-6.61289
-7.20046
-7.78185
-8.22713
-8.27756
-7.38879
0.193732
-0.534876
-1.13595
-1.64878
-2.10292
-2.50877
-2.88353
-3.23104
-3.559
-3.87509
-4.17326
-4.46198
-4.73119
-4.9707
-5.15203
-5.23054
-5.10002
-4.57954
-3.32087
0.219501
-0.469972
-1.01758
-1.47331
-1.86753
-2.21219
-2.52049
-2.79535
-3.04124
-3.26114
-3.44964
-3.6091
-3.72858
-3.79554
-3.78692
-3.66627
-3.36327
-2.76659
-1.66634
0.067193
-0.491061
-0.947986
-1.33222
-1.66294
-1.94907
-2.19866
-2.41379
-2.59663
-2.74748
-2.86284
-2.94191
-2.97619
-2.95503
-2.86271
-2.67299
-2.3427
-1.80583
-0.939409
-0.249711
-0.608073
-0.941616
-1.24005
-1.50325
-1.73271
-1.93018
-2.09613
-2.23066
-2.33229
-2.39926
-2.42907
-2.41589
-2.35161
-2.22633
-2.02168
-1.71201
-1.25821
-0.588621
-0.670039
-0.810162
-1.00283
-1.20499
-1.39687
-1.57024
-1.72007
-1.84414
-1.94044
-2.00599
-2.04003
-2.03915
-1.99951
-1.91509
-1.77999
-1.58134
-1.30415
-0.924976
-0.401732
-1.10773
-1.05793
-1.11387
-1.21821
-1.33813
-1.45647
-1.56206
-1.64937
-1.71415
-1.75212
-1.76263
-1.74179
-1.68704
-1.59392
-1.45903
-1.27336
-1.02826
-0.709563
-0.292329
-1.55687
-1.3735
-1.30898
-1.31652
-1.36144
-1.42147
-1.48101
-1.53117
-1.56549
-1.5783
-1.56831
-1.53136
-1.4654
-1.36698
-1.2342
-1.06067
-0.841454
-0.567872
-0.224798
-1.81946
-1.58719
-1.45145
-1.38952
-1.37532
-1.38723
-1.40843
-1.4279
-1.43762
-1.43091
-1.40568
-1.35768
-1.2851
-1.18527
-1.0572
-0.896516
-0.700599
-0.464325
-0.178473
-2.02781
-1.77614
-1.59879
-1.48673
-1.42414
-1.39348
-1.37927
-1.36982
-1.35621
-1.33117
-1.29166
-1.2334
-1.1546
-1.05305
-0.928294
-0.777366
-0.599081
-0.390615
-0.146514
-2.23579
-1.98489
-1.78357
-1.63407
-1.52988
-1.45905
-1.4092
-1.36932
-1.33045
-1.28502
-1.22926
-1.15876
-1.07156
-0.965725
-0.84104
-0.695492
-0.528767
-0.339498
-0.124526
-2.27752
-2.0622
-1.86776
-1.70776
-1.58396
-1.49013
-1.41765
-1.35724
-1.30074
-1.24084
-1.17346
-1.09433
-1.00141
-0.893056
-0.769318
-0.628977
-0.47237
-0.299166
-0.107669
-2.2724
-2.09566
-1.9207
-1.76382
-1.63225
-1.52479
-1.43654
-1.36051
-1.28979
-1.21772
-1.14023
-1.0532
-0.954628
-0.843095
-0.718885
-0.58143
-0.431591
-0.269807
-0.0954373
-2.24777
-2.10607
-1.95484
-1.80899
-1.67789
-1.56395
-1.46551
-1.37795
-1.2959
-1.21357
-1.12717
-1.03277
-0.928443
-0.812942
-0.686774
-0.549931
-0.403763
-0.249336
-0.0867764
-2.17228
-2.06706
-1.94353
-1.81593
-1.69411
-1.58251
-1.48178
-1.38941
-1.30153
-1.21332
-1.12143
-1.02219
-0.913732
-0.794985
-0.666676
-0.529342
-0.384899
-0.235061
-0.0805988
-2.04618
-1.97461
-1.88033
-1.77582
-1.67036
-1.56915
-1.47417
-1.38442
-1.29729
-1.20884
-1.11617
-1.01585
-0.906062
-0.7858
-0.655956
-0.517593
-0.373334
-0.225741
-0.0763619
-1.90469
-1.85451
-1.78561
-1.70462
-1.6186
-1.53242
-1.44856
-1.36693
-1.28579
-1.20189
-1.1127
-1.01492
-0.906653
-0.78676
-0.656076
-0.516016
-0.369985
-0.221725
-0.0740209
-1.78681
-1.75449
-1.70598
-1.64512
-1.57678
-1.50506
-1.43256
-1.35977
-1.28567
-1.20755
-1.12318
-1.02928
-0.923709
-0.804923
-0.673262
-0.529982
-0.378988
-0.225459
-0.0742008
-1.59568
-1.58534
-1.55868
-1.52051
-1.4745
-1.42372
-1.37024
-1.31457
-1.25587
-1.19165
-1.11974
-1.03676
-0.940242
-0.828052
-0.699633
-0.555369
-0.398879
-0.236625
-0.0767015
-1.39019
-1.39766
-1.39093
-1.37426
-1.35054
-1.322
-1.29008
-1.255
-1.21584
-1.17007
-1.11535
-1.04807
-0.965376
-0.864465
-0.743571
-0.60127
-0.439098
-0.262829
-0.0841892
-1.18047
-1.20048
-1.21107
-1.21454
-1.21271
-1.207
-1.19822
-1.18626
-1.16991
-1.14645
-1.11315
-1.06603
-1.00183
-0.917298
-0.809639
-0.675227
-0.511345
-0.31795
-0.104039
-0.951948
-0.979648
-1.00502
-1.02786
-1.04849
-1.06734
-1.08452
-1.09943
-1.11055
-1.11472
-1.10848
-1.0873
-1.04739
-0.98539
-0.898443
-0.781984
-0.629057
-0.428839
-0.168005
-0.696966
-0.698771
-0.699427
-0.698965
-0.69888
-0.701012
-0.707273
-0.718576
-0.734514
-0.752682
-0.76878
-0.77707
-0.772127
-0.749449
-0.705832
-0.637731
-0.539081
-0.395191
-0.17706
-0.469207
-0.539019
-0.628945
-0.732559
-0.844943
-0.96168
-1.07939
-1.19457
-1.30346
-1.40131
-1.48162
-1.53782
-1.56419
-1.55833
-1.52048
-1.45207
-1.35141
-1.20891
-0.998014
-0.16376
-0.208698
-0.271666
-0.348167
-0.434739
-0.528626
-0.628349
-0.732447
-0.83937
-0.946172
-1.04667
-1.13363
-1.19825
-1.23486
-1.242
-1.22472
-1.18911
-1.14278
-1.0888
0.144169
0.0882741
0.0105262
-0.0843839
-0.192066
-0.309022
-0.433217
-0.56342
-0.698735
-0.837265
-0.973678
-1.1001
-1.20561
-1.28079
-1.32078
-1.32941
-1.31443
-1.28599
-1.24962
0.456023
0.38394
0.286491
0.169606
0.0386154
-0.10225
-0.250546
-0.405343
-0.566619
-0.733951
-0.903789
-1.06875
-1.21662
-1.33376
-1.40995
-1.44516
-1.44749
-1.42979
-1.4005
0.74485
0.649717
0.527763
0.386678
0.232529
0.0700418
-0.0983173
-0.272155
-0.452608
-0.641176
-0.836967
-1.03479
-1.22289
-1.38429
-1.50182
-1.56808
-1.58834
-1.57807
-1.55095
1.05444
0.932659
0.784347
0.618202
0.44091
0.257663
0.0708603
-0.119587
-0.315861
-0.521376
-0.738289
-0.965199
-1.19342
-1.4053
-1.57674
-1.6891
-1.73818
-1.73858
-1.71133
1.30248
1.14864
0.971817
0.781464
0.584739
0.386753
0.18931
-0.00847383
-0.209816
-0.419856
-0.643732
-0.884922
-1.14088
-1.3984
-1.63083
-1.80753
-1.90575
-1.92804
-1.89826
1.54954
1.36638
1.16148
0.947974
0.733744
0.52355
0.318489
0.117033
-0.0845864
-0.292384
-0.51339
-0.755503
-1.02396
-1.31585
-1.61132
-1.8759
-2.06428
-2.1487
-2.13771
1.79579
1.5751
1.3398
1.1039
0.874612
0.655535
0.446724
0.246028
0.0496185
-0.148383
-0.355072
-0.580237
-0.835096
-1.12942
-1.46056
-1.8104
-2.12791
-2.34877
-2.4067
1.98284
1.70495
1.42258
1.14841
0.887446
0.641225
0.408225
0.185567
-0.0306122
-0.24551
-0.465049
-0.698019
-0.956634
-1.25809
-1.61866
-2.05352
-2.54953
-3.06396
-3.51084
2.12941
1.81914
1.52652
1.26055
1.02195
0.809226
0.618848
0.447475
0.291677
0.148146
0.0144307
-0.112819
-0.237576
-0.366969
-0.513257
-0.700694
-0.958499
-1.32197
-1.81435
2.26303
1.93456
1.64626
1.39676
1.18072
0.99342
0.82951
0.685025
0.556535
0.441078
0.337326
0.243968
0.160824
0.0883983
0.0280981
-0.020193
-0.0584327
-0.0963843
-0.152862
2.20564
1.82795
1.51045
1.24195
1.01265
0.815427
0.643807
0.493217
0.360058
0.241341
0.135861
0.0424718
-0.0389998
-0.108024
-0.162901
-0.201875
-0.221974
-0.220691
-0.196843
1.98832
1.63123
1.33857
1.09615
0.892981
0.721172
0.574177
0.447369
0.337309
0.241271
0.157968
0.0862382
0.0254681
-0.0246837
-0.0642677
-0.0938522
-0.114016
-0.125868
-0.130728
1.69111
1.38132
1.12959
0.923305
0.752444
0.609554
0.488707
0.38562
0.297187
0.220942
0.155491
0.0995972
0.0522731
0.0126967
-0.0197878
-0.0461394
-0.0672024
-0.0838327
-0.0969071
1.29741
1.05325
0.857928
0.700086
0.570966
0.464134
0.374688
0.299072
0.234752
0.179711
0.132689
0.092601
0.058478
0.0295176
0.00508654
-0.0155573
-0.0329888
-0.047637
-0.0599576
0.828021
0.664532
0.537525
0.436871
0.355634
0.289051
0.233713
0.187193
0.147794
0.114175
0.085456
0.0608963
0.0398081
0.0216291
0.00592212
-0.00777446
-0.0197918
-0.0302972
-0.0394635
0.321096
0.256801
0.20843
0.170575
0.140099
0.115045
0.0940939
0.0763323
0.0611294
0.0479913
0.0365832
0.0266287
0.0178662
0.0100802
0.00309697
-0.00326207
-0.00913226
-0.0145753
-0.019642
-0.320943
-0.256482
-0.208019
-0.170118
-0.139629
-0.114583
-0.0936565
-0.0759296
-0.0607686
-0.0476771
-0.0363182
-0.0264139
-0.0177021
-0.00996643
-0.00303306
0.00327665
0.00909794
0.0144928
0.019512
-0.827884
-0.664263
-0.537182
-0.436495
-0.355255
-0.288689
-0.233383
-0.186905
-0.147556
-0.113991
-0.0853281
-0.0608252
-0.0397935
-0.0216697
-0.0060159
0.00762944
0.0195977
0.0300567
0.0391798
-1.29728
-1.05301
-0.857611
-0.699726
-0.570589
-0.46376
-0.374331
-0.298743
-0.234458
-0.179458
-0.132479
-0.0924333
-0.0583513
-0.0294279
-0.00502837
0.0155907
0.0330047
0.0476428
0.0599599
-1.69103
-1.38119
-1.12942
-0.923116
-0.752254
-0.60938
-0.488561
-0.385513
-0.297127
-0.220935
-0.155539
-0.0997013
-0.0524296
-0.0128994
0.0195483
0.0458744
0.0669242
0.0835529
0.0966356
-1.98829
-1.63119
-1.3385
-1.09607
-0.8929
-0.721102
-0.57413
-0.447355
-0.33734
-0.241355
-0.158111
-0.0864431
-0.0257336
0.0243642
0.0639074
0.0934706
0.113638
0.125524
0.130448
-2.20569
-1.82801
-1.51051
-1.24199
-1.01269
-0.815477
-0.643881
-0.493331
-0.36023
-0.241585
-0.136193
-0.0429068
0.0384508
0.107356
0.162121
0.201015
0.221102
0.219917
0.196294
-2.2631
-1.93448
-1.64595
-1.39616
-1.17982
-0.992208
-0.827986
-0.683192
-0.554398
-0.438643
-0.334596
-0.240947
-0.157507
-0.0847836
-0.0242076
0.0242559
0.0623872
0.0996142
0.154324
-2.12988
-1.82032
-1.52846
-1.26328
-1.02548
-0.813564
-0.624009
-0.453481
-0.298559
-0.155951
-0.0232317
0.102908
0.226362
0.354131
0.498305
0.682922
0.937159
1.29661
1.78531
-1.98273
-1.70459
-1.4219
-1.14736
-0.885999
-0.639375
-0.405975
-0.18293
0.0336135
0.248843
0.468665
0.70185
0.960585
1.26207
1.62264
2.05772
2.55462
3.07114
3.52177
-1.79597
-1.57549
-1.34038
-1.10463
-0.875464
-0.656491
-0.447771
-0.247163
-0.0508462
0.147044
0.35359
0.578574
0.83323
1.1274
1.45857
1.80885
2.12727
2.34936
2.40814
-1.54966
-1.36663
-1.16185
-0.948433
-0.734273
-0.524137
-0.319128
-0.117725
0.0838312
0.291549
0.512457
0.754469
1.02286
1.31484
1.61059
1.87574
2.06485
2.14989
2.13924
-1.30259
-1.14887
-0.972165
-0.781905
-0.585255
-0.387327
-0.189933
0.00780428
0.209099
0.419087
0.642918
0.884098
1.14012
1.39786
1.63066
1.80784
1.90651
1.92909
1.89939
-1.05454
-0.932878
-0.784678
-0.618628
-0.441413
-0.258227
-0.071473
0.118935
0.315177
0.520672
0.73759
0.964559
1.19293
1.40506
1.57684
1.68956
1.73891
1.73946
1.71229
-0.744931
-0.64991
-0.528059
-0.387065
-0.232988
-0.070557
0.0977615
0.271572
0.452012
0.640589
0.836424
1.03435
1.22263
1.38427
1.50207
1.56859
1.58903
1.57887
1.55183
-0.456103
-0.384129
-0.286784
-0.169989
-0.0390717
0.101739
0.249999
0.404778
0.566057
0.733422
0.903334
1.06843
1.21648
1.33384
1.41026
1.44567
1.44816
1.43057
1.40138
-0.144233
-0.0884433
-0.0107955
0.0840268
0.191639
0.308543
0.432708
0.562904
0.698237
0.836819
0.973323
1.09988
1.20557
1.28096
1.32115
1.32995
1.31513
1.28682
1.25059
0.163626
0.208285
0.270943
0.347121
0.433377
0.52697
0.626439
0.730332
0.837114
0.943853
1.04437
1.13143
1.19623
1.23306
1.24046
1.22348
1.18825
1.14247
1.08937
0.469312
0.539404
0.629707
0.733771
0.846652
0.963908
1.08213
1.1978
1.30713
1.40537
1.486
1.54244
1.56898
1.56321
1.5254
1.45699
1.35629
1.21368
1.00257
0.696881
0.698428
0.698803
0.698061
0.697714
0.699621
0.705705
0.716885
0.732756
0.750914
0.767053
0.775428
0.770606
0.748076
0.704623
0.636702
0.53825
0.394592
0.176779
0.952023
0.979789
1.00523
1.02814
1.04883
1.06772
1.08492
1.09985
1.11096
1.1151
1.10882
1.0876
1.04763
0.985579
0.898576
0.782061
0.629077
0.428813
0.167975
1.1805
1.20052
1.21112
1.2146
1.21278
1.20708
1.19831
1.18634
1.16999
1.14653
1.11322
1.06609
1.00187
0.917324
0.809647
0.675217
0.511321
0.317923
0.104026
1.39023
1.3977
1.39098
1.37432
1.35061
1.32208
1.29015
1.25508
1.21591
1.17013
1.11541
1.04812
0.965406
0.864483
0.743576
0.601264
0.439086
0.262817
0.0841853
1.59571
1.58538
1.55872
1.52056
1.47456
1.42378
1.3703
1.31464
1.25592
1.1917
1.11978
1.03679
0.940265
0.828065
0.699637
0.555366
0.398874
0.236621
0.0767001
1.78685
1.75453
1.70603
1.64517
1.57684
1.50512
1.43261
1.35983
1.28572
1.20759
1.12322
1.02931
0.923729
0.804935
0.673267
0.529982
0.378986
0.225457
0.0742004
1.90472
1.85455
1.78565
1.70467
1.61865
1.53247
1.44861
1.36697
1.28583
1.20192
1.11273
1.01495
0.906668
0.78677
0.656081
0.516019
0.369986
0.221725
0.0740211
2.0462
1.97464
1.88036
1.77586
1.6704
1.56919
1.47421
1.38446
1.29733
1.20886
1.11619
1.01587
0.906076
0.78581
0.655962
0.517596
0.373336
0.225742
0.0763624
2.1723
2.06709
1.94356
1.81596
1.69415
1.58255
1.48182
1.38944
1.30156
1.21335
1.12145
1.02221
0.913745
0.794995
0.666683
0.529347
0.384903
0.235063
0.0805996
2.24778
2.10608
1.95487
1.80901
1.67792
1.56398
1.46553
1.37797
1.29592
1.21359
1.12718
1.03279
0.928454
0.812951
0.686781
0.549936
0.403767
0.249339
0.0867773
2.27241
2.09568
1.92072
1.76384
1.63227
1.52481
1.43657
1.36053
1.28981
1.21774
1.14024
1.05321
0.954638
0.843104
0.718892
0.581436
0.431596
0.26981
0.0954384
2.27754
2.06222
1.86778
1.70778
1.58398
1.49015
1.41767
1.35725
1.30075
1.24085
1.17347
1.09434
1.00142
0.893065
0.769326
0.628983
0.472375
0.299169
0.107671
2.23579
1.98489
1.78358
1.63407
1.52988
1.45906
1.40921
1.36932
1.33046
1.28503
1.22926
1.15877
1.07157
0.965729
0.841044
0.695495
0.52877
0.3395
0.124526
2.02783
1.77616
1.5988
1.48674
1.42415
1.39349
1.37928
1.36982
1.35622
1.33117
1.29166
1.23341
1.1546
1.05305
0.928298
0.77737
0.599084
0.390618
0.146515
1.81949
1.58721
1.45147
1.38953
1.37533
1.38724
1.40844
1.42791
1.43762
1.43092
1.40568
1.35768
1.2851
1.18527
1.0572
0.896518
0.700602
0.464327
0.178474
1.55689
1.37352
1.30899
1.31653
1.36145
1.42148
1.48101
1.53118
1.56549
1.5783
1.56831
1.53136
1.4654
1.36698
1.2342
1.06067
0.841455
0.567874
0.224799
1.10774
1.05794
1.11387
1.21821
1.33813
1.45647
1.56206
1.64936
1.71415
1.75212
1.76262
1.74179
1.68704
1.59391
1.45903
1.27336
1.02826
0.709562
0.292329
0.670054
0.810172
1.00284
1.20499
1.39687
1.57024
1.72006
1.84413
1.94043
2.00599
2.04003
2.03914
1.9995
1.91509
1.77998
1.58134
1.30415
0.924975
0.401732
0.249721
0.608079
0.94162
1.24005
1.50325
1.73271
1.93018
2.09612
2.23066
2.33228
2.39925
2.42906
2.41589
2.35161
2.22633
2.02168
1.71201
1.25821
0.588621
-0.0671864
0.491065
0.947988
1.33222
1.66294
1.94907
2.19866
2.41379
2.59663
2.74748
2.86284
2.94191
2.97618
2.95502
2.8627
2.67299
2.34269
1.80583
0.939408
-0.219498
0.469974
1.01758
1.47331
1.86753
2.21219
2.52049
2.79534
3.04123
3.26114
3.44963
3.60909
3.72858
3.79554
3.78692
3.66627
3.36326
2.76659
1.66634
-0.193731
0.534876
1.13595
1.64878
2.10291
2.50876
2.88352
3.23104
3.559
3.87508
4.17325
4.46198
4.73119
4.97069
5.15202
5.23054
5.10001
4.57953
3.32087
-0.0355616
0.657106
1.2821
1.84081
2.35163
2.82074
3.26864
3.70188
4.1329
4.57842
5.03547
5.52437
6.04775
6.61289
7.20045
7.78185
8.22713
8.27756
7.38879
0.156981
0.791785
1.43143
2.03162
2.59608
3.12833
3.6518
4.1808
4.7329
5.34382
6.01955
6.80304
7.74888
8.9437
10.4953
12.6893
15.9754
21.3282
30.7618
)
;

boundaryField
{
    up
    {
        type            calculated;
        value           nonuniform List<scalar> 
84
(
-30.7618
-7.38879
-3.32087
-1.66634
-0.939409
-0.588621
-0.401732
-0.292329
-0.224798
-0.178473
-0.146514
-0.124526
-0.107669
-0.0954373
-0.0867764
-0.0805988
-0.0763619
-0.0740209
-0.0742008
-0.0767015
-0.0841892
-0.104039
-0.168005
-0.17706
-0.862754
-1.03378
-1.20206
-1.35442
-1.50342
-1.65932
-1.83507
-2.04166
-2.25789
-3.528
-1.8935
-0.157142
-0.197155
-0.130782
-0.0969201
-0.0599697
-0.039473
-0.0196535
0.0195234
0.0391894
0.0599722
0.0966485
0.130501
0.196603
0.158554
1.86334
3.54121
2.2591
2.04297
1.83614
1.66026
1.5043
1.35532
1.20308
1.03478
0.866959
0.176779
0.167975
0.104026
0.0841853
0.0767001
0.0742004
0.0740211
0.0763624
0.0805996
0.0867773
0.0954384
0.107671
0.124526
0.146515
0.178474
0.224799
0.292329
0.401732
0.588621
0.939408
1.66634
3.32087
7.38879
30.7618
)
;
    }
    low
    {
        type            calculated;
        value           nonuniform List<scalar> 
84
(
-0.142045
0.0572604
0.229286
0.258643
0.0920176
-0.254327
-0.708068
-1.17128
-1.62904
-1.87604
-2.07445
-2.26891
-2.28315
-2.26083
-2.22527
-2.13533
-1.99781
-1.85419
-1.73023
-1.52799
-1.3186
-1.11012
-0.885408
-0.639882
-0.425496
-0.14809
0.126182
0.410224
0.683713
0.989386
1.24406
1.49691
1.75413
1.95812
2.11959
2.27236
2.23751
2.02783
1.72947
1.32986
0.850403
0.330683
-0.330529
-0.85026
-1.32972
-1.72937
-2.02777
-2.23752
-2.27237
-2.11998
-1.95802
-1.75427
-1.49701
-1.24417
-0.989481
-0.683795
-0.410306
-0.126247
0.147959
0.425599
0.639803
0.885475
1.11015
1.31863
1.52802
1.73027
1.85421
1.99783
2.13535
2.22528
2.26084
2.28317
2.26891
2.07447
1.87607
1.62906
1.1713
0.708083
0.254338
-0.0920105
-0.25864
-0.229285
-0.0572596
0.142045
)
;
    }
    left
    {
        type            calculated;
        value           nonuniform List<scalar> 
19
(
-0.138958
-0.759114
-1.41084
-2.03071
-2.61853
-3.175
-3.72591
-4.28823
-4.87965
-5.54671
-6.29449
-7.17305
-8.25612
-9.66307
-11.5314
-14.2656
-18.4897
-25.5648
-26.6827
)
;
    }
    right
    {
        type            calculated;
        value           nonuniform List<scalar> 
19
(
0.138957
0.759109
1.41083
2.03071
2.61853
3.175
3.72591
4.28823
4.87965
5.54671
6.29449
7.17305
8.25612
9.66307
11.5314
14.2656
18.4897
25.5648
26.6827
)
;
    }
    frontAndBackPlanes
    {
        type            empty;
    }
}


// ************************************************************************* //
