/*--------------------------------*- C++ -*----------------------------------*\
  =========                 |
  \\      /  F ield         | OpenFOAM: The Open Source CFD Toolbox
   \\    /   O peration     | Website:  https://openfoam.org
    \\  /    A nd           | Version:  7
     \\/     M anipulation  |
\*---------------------------------------------------------------------------*/
FoamFile
{
    version     2.0;
    format      ascii;
    class       volScalarField;
    location    "0.377";
    object      gradTx;
}
// * * * * * * * * * * * * * * * * * * * * * * * * * * * * * * * * * * * * * //

dimensions      [0 -1 0 1 0 0 0];

internalField   nonuniform List<scalar> 
1596
(
-0.0686711
-0.345719
-0.623135
-0.880391
-1.11822
-1.33763
-1.54848
-1.75695
-1.97079
-2.20542
-2.46397
-2.76492
-3.13124
-3.59854
-4.21055
-5.08196
-6.39253
-8.53175
-12.3047
0.0152355
-0.287639
-0.559564
-0.800131
-1.01668
-1.21153
-1.39342
-1.56526
-1.73267
-1.90314
-2.07609
-2.26064
-2.45868
-2.67396
-2.89943
-3.12421
-3.29659
-3.31311
-2.95577
0.0840063
-0.235385
-0.497868
-0.719796
-0.91356
-1.08347
-1.23691
-1.37569
-1.5034
-1.6237
-1.73466
-1.84046
-1.9377
-2.02301
-2.08566
-2.10839
-2.04913
-1.8358
-1.32914
0.0948644
-0.208401
-0.448466
-0.646648
-0.815901
-0.961303
-1.08858
-1.19914
-1.29517
-1.37829
-1.44673
-1.50203
-1.54032
-1.55716
-1.54391
-1.48657
-1.35747
-1.11252
-0.667942
0.0276995
-0.219118
-0.420269
-0.588101
-0.730869
-0.852408
-0.956246
-1.04341
-1.11505
-1.17159
-1.21192
-1.23617
-1.24133
-1.22362
-1.17724
-1.09221
-0.951739
-0.729887
-0.377775
-0.111961
-0.271921
-0.419518
-0.550374
-0.664454
-0.762418
-0.845076
-0.91273
-0.965581
-1.00321
-1.02515
-1.03068
-1.0178
-0.9836
-0.924554
-0.833744
-0.701355
-0.512207
-0.237991
-0.297766
-0.362238
-0.448217
-0.537122
-0.620419
-0.69458
-0.757455
-0.808172
-0.845959
-0.869681
-0.879212
-0.873327
-0.850727
-0.809258
-0.746902
-0.658851
-0.539517
-0.379944
-0.163664
-0.49222
-0.472995
-0.498782
-0.544736
-0.596611
-0.647037
-0.691169
-0.726692
-0.751828
-0.764796
-0.765471
-0.752312
-0.724446
-0.680246
-0.618633
-0.536231
-0.429955
-0.294495
-0.12023
-0.692909
-0.614103
-0.586331
-0.589286
-0.607908
-0.632631
-0.656688
-0.676317
-0.688747
-0.691551
-0.684291
-0.665189
-0.633511
-0.587933
-0.527878
-0.450928
-0.355415
-0.238159
-0.093419
-0.811979
-0.710875
-0.651217
-0.623206
-0.615535
-0.618956
-0.626175
-0.632519
-0.634534
-0.629329
-0.616082
-0.592911
-0.559103
-0.513565
-0.456018
-0.384758
-0.298982
-0.196873
-0.0750105
-0.907538
-0.796953
-0.718224
-0.667514
-0.637999
-0.622258
-0.613609
-0.607114
-0.59896
-0.585963
-0.566908
-0.53983
-0.503954
-0.458303
-0.402728
-0.336004
-0.257827
-0.167231
-0.0622473
-1.00351
-0.892223
-0.801936
-0.73377
-0.685023
-0.650774
-0.625743
-0.605354
-0.585815
-0.563831
-0.537863
-0.505864
-0.466928
-0.4201
-0.365242
-0.301417
-0.228579
-0.14626
-0.0533461
-1.02537
-0.929285
-0.841422
-0.767956
-0.709858
-0.664761
-0.629091
-0.59909
-0.571371
-0.542798
-0.511725
-0.476149
-0.435108
-0.387703
-0.333828
-0.272784
-0.204699
-0.129445
-0.0464328
-1.026
-0.946588
-0.866791
-0.794042
-0.731758
-0.679833
-0.636403
-0.598772
-0.564177
-0.529831
-0.494132
-0.455176
-0.411989
-0.363728
-0.310303
-0.251196
-0.186648
-0.116754
-0.0412757
-1.01761
-0.95338
-0.883569
-0.815004
-0.752102
-0.696384
-0.647488
-0.603843
-0.563441
-0.523965
-0.483986
-0.44175
-0.396305
-0.346861
-0.293343
-0.235376
-0.173281
-0.107308
-0.0374413
-0.985897
-0.937715
-0.879812
-0.818757
-0.759206
-0.703611
-0.652706
-0.605912
-0.561983
-0.519127
-0.476188
-0.431607
-0.384496
-0.334133
-0.280483
-0.223307
-0.163032
-0.100048
-0.0345016
-0.930727
-0.897504
-0.852377
-0.80114
-0.748204
-0.696384
-0.647053
-0.600366
-0.555721
-0.511825
-0.467822
-0.422369
-0.374665
-0.324058
-0.270555
-0.214064
-0.155164
-0.0944434
-0.0322305
-0.867986
-0.844216
-0.81019
-0.769022
-0.724135
-0.67819
-0.632816
-0.588625
-0.545488
-0.502531
-0.459161
-0.414232
-0.367011
-0.316879
-0.263838
-0.207902
-0.149831
-0.0905076
-0.030574
-0.815478
-0.799509
-0.774231
-0.741481
-0.703706
-0.663219
-0.621741
-0.580199
-0.538851
-0.49718
-0.454828
-0.410806
-0.364405
-0.31495
-0.262317
-0.206472
-0.148268
-0.0889526
-0.0297009
-0.729059
-0.72292
-0.707269
-0.684343
-0.656018
-0.62411
-0.590123
-0.555002
-0.519157
-0.482266
-0.444105
-0.403797
-0.360638
-0.313873
-0.263162
-0.20824
-0.149846
-0.0895647
-0.0295039
-0.635528
-0.637254
-0.630324
-0.61668
-0.597806
-0.575097
-0.549758
-0.522614
-0.494078
-0.463891
-0.431849
-0.397118
-0.358968
-0.316541
-0.269199
-0.216183
-0.157591
-0.0947511
-0.0308189
-0.53963
-0.546714
-0.547232
-0.542185
-0.532537
-0.519272
-0.503284
-0.485225
-0.465417
-0.443565
-0.419373
-0.391968
-0.360561
-0.324241
-0.282137
-0.232897
-0.175334
-0.108953
-0.035981
-0.434833
-0.444968
-0.451721
-0.454908
-0.454775
-0.451785
-0.446482
-0.439256
-0.43027
-0.419079
-0.405131
-0.38741
-0.364984
-0.336981
-0.302594
-0.260291
-0.207651
-0.140855
-0.0550904
-0.317777
-0.315584
-0.310822
-0.303627
-0.294924
-0.285883
-0.277791
-0.271536
-0.267518
-0.265314
-0.263707
-0.260912
-0.255085
-0.244663
-0.228497
-0.205329
-0.173042
-0.126729
-0.056824
-0.213175
-0.241197
-0.275767
-0.313583
-0.352208
-0.389652
-0.424667
-0.456237
-0.483582
-0.505766
-0.521307
-0.528817
-0.527022
-0.51577
-0.495674
-0.467655
-0.431322
-0.383613
-0.315757
-0.0733865
-0.0896313
-0.112075
-0.138595
-0.167628
-0.198004
-0.229219
-0.260873
-0.292709
-0.324046
-0.35302
-0.37753
-0.394733
-0.402925
-0.401799
-0.393323
-0.379599
-0.363254
-0.345208
0.0670555
0.046486
0.0178119
-0.0168229
-0.0554636
-0.0965846
-0.139348
-0.183306
-0.228282
-0.273829
-0.318244
-0.359064
-0.392594
-0.415741
-0.42696
-0.427869
-0.421228
-0.410682
-0.398097
0.208452
0.181222
0.144196
0.0999985
0.0509662
-0.00106077
-0.0550098
-0.110467
-0.167468
-0.225992
-0.284873
-0.341698
-0.392201
-0.431703
-0.456693
-0.467463
-0.466974
-0.459971
-0.449459
0.338256
0.301361
0.25398
0.19943
0.140307
0.0786216
0.015466
-0.0489341
-0.115
-0.183357
-0.253731
-0.324393
-0.39114
-0.447972
-0.488785
-0.511237
-0.517304
-0.51281
-0.502726
0.475829
0.427627
0.369005
0.303621
0.234285
0.163172
0.0913533
0.0188742
-0.0550485
-0.131707
-0.211888
-0.29515
-0.378306
-0.454978
-0.516432
-0.556218
-0.572911
-0.572151
-0.561667
0.583928
0.522322
0.451833
0.376313
0.2987
0.221073
0.144218
0.0678309
-0.00928781
-0.0890774
-0.173401
-0.263548
-0.358478
-0.453303
-0.538165
-0.602134
-0.63699
-0.644108
-0.632357
0.689591
0.615966
0.533848
0.448601
0.363434
0.280243
0.199497
0.120601
0.0421237
-0.0382215
-0.123001
-0.215113
-0.316323
-0.425402
-0.534762
-0.631878
-0.700121
-0.729846
-0.724512
0.792692
0.703622
0.608957
0.514337
0.42266
0.335307
0.252302
0.172765
0.0952083
0.0173602
-0.0634009
-0.150698
-0.248526
-0.360271
-0.484505
-0.614419
-0.730904
-0.81074
-0.830165
0.867789
0.755227
0.641244
0.530886
0.426148
0.327588
0.234611
0.14605
0.060397
-0.024377
-0.110508
-0.201299
-0.301204
-0.416446
-0.552581
-0.714819
-0.8975
-1.08451
-1.24395
0.923613
0.798598
0.681084
0.574501
0.478994
0.393788
0.317383
0.248319
0.185155
0.126508
0.0713494
0.0183443
-0.0340541
-0.0885338
-0.149538
-0.225937
-0.328027
-0.468124
-0.653743
0.972555
0.841039
0.725824
0.626062
0.539453
0.463953
0.397366
0.338031
0.28455
0.235727
0.19099
0.149839
0.112159
0.0781236
0.0482687
0.0225264
0.000189022
-0.0222719
-0.0517067
0.939867
0.788851
0.662019
0.554646
0.462719
0.383311
0.313812
0.252343
0.197441
0.147883
0.103127
0.0627147
0.0265238
-0.00525945
-0.0319694
-0.0529054
-0.0668922
-0.0728551
-0.0702792
0.840884
0.699399
0.583265
0.48677
0.40554
0.336413
0.276788
0.224796
0.179058
0.13847
0.102493
0.0706825
0.0427876
0.018703
-0.00152423
-0.0180274
-0.0309214
-0.0404654
-0.0470606
0.710528
0.588717
0.489324
0.407465
0.339244
0.281739
0.232627
0.190206
0.153247
0.120769
0.0922197
0.0671391
0.0451566
0.0259973
0.0094836
-0.00467349
-0.0167048
-0.0268133
-0.0352636
0.542313
0.446774
0.369929
0.307444
0.255955
0.212966
0.17657
0.145371
0.118377
0.0947978
0.0741472
0.0560283
0.040086
0.0260494
0.0137359
0.00291781
-0.00655935
-0.0147763
-0.0218637
0.344865
0.280938
0.231026
0.191223
0.15885
0.132062
0.109534
0.0903192
0.0737569
0.0593247
0.0466878
0.0355764
0.0257398
0.0169863
0.00918575
0.00219458
-0.00407565
-0.00964094
-0.0145433
0.133374
0.108083
0.088976
0.0739305
0.061725
0.0515983
0.0430393
0.0356917
0.0293107
0.0237039
0.0187437
0.0143278
0.0103591
0.00676143
0.00347936
0.000453765
-0.00235577
-0.00495811
-0.00736546
-0.13331
-0.107948
-0.0887975
-0.0737283
-0.0615125
-0.0513848
-0.0428318
-0.0354952
-0.0291291
-0.0235401
-0.0185998
-0.0142054
-0.0102593
-0.00668525
-0.00342737
-0.000426471
0.00235809
0.0049356
0.00731851
-0.344806
-0.280822
-0.230875
-0.191053
-0.158674
-0.131888
-0.10937
-0.0901686
-0.0736239
-0.0592121
-0.0465975
-0.0355099
-0.025698
-0.0169696
-0.00919435
-0.00222846
0.00401682
0.00955801
0.0144375
-0.542258
-0.446667
-0.369786
-0.30728
-0.255779
-0.212787
-0.176394
-0.145203
-0.118222
-0.0946575
-0.074024
-0.0559233
-0.0399996
-0.0259812
-0.0136846
-0.00288166
0.00658263
0.0147893
0.0218689
-0.710492
-0.588653
-0.48924
-0.407369
-0.339143
-0.281641
-0.232536
-0.190127
-0.153184
-0.120726
-0.0921975
-0.0671391
-0.0451787
-0.0260401
-0.00954468
0.00459746
0.0166178
0.0267191
0.0351658
-0.840868
-0.699369
-0.583222
-0.486718
-0.405483
-0.336356
-0.276736
-0.224756
-0.179032
-0.138463
-0.102507
-0.0707201
-0.0428491
-0.018787
0.00142139
0.0179118
0.0308013
0.0403508
0.0469625
-0.93988
-0.788865
-0.662025
-0.554644
-0.462712
-0.383305
-0.313812
-0.252357
-0.197473
-0.14794
-0.103215
-0.0628404
-0.026691
0.00504772
0.0317153
0.0526187
0.0665965
0.0725887
0.0700866
-0.972572
-0.840987
-0.72567
-0.625789
-0.539054
-0.463426
-0.396714
-0.337258
-0.283661
-0.234726
-0.189882
-0.148627
-0.110844
-0.0767075
-0.046761
-0.0209679
0.0013146
0.0234921
0.0522603
-0.923801
-0.799087
-0.681892
-0.575633
-0.480447
-0.395562
-0.319476
-0.250731
-0.18789
-0.129576
-0.0747702
-0.0221551
0.0297883
0.0837001
0.143964
0.219374
0.320216
0.458919
0.643298
-0.867734
-0.75506
-0.640936
-0.530422
-0.425523
-0.326802
-0.23367
-0.144962
-0.0591753
0.0257168
0.111946
0.202806
0.302748
0.417991
0.554127
0.716449
0.899464
1.08725
1.24809
-0.79276
-0.70378
-0.60919
-0.514633
-0.423004
-0.335691
-0.25272
-0.173214
-0.0956891
-0.0178781
0.0628358
0.150074
0.247836
0.359536
0.483797
0.613883
0.730719
0.81102
0.830769
-0.689636
-0.616067
-0.533996
-0.448786
-0.363648
-0.280478
-0.199751
-0.120874
-0.0424184
0.0379004
0.122649
0.214729
0.315927
0.425042
0.534521
0.631856
0.700373
0.730333
0.725124
-0.583971
-0.522419
-0.451977
-0.376494
-0.298911
-0.221307
-0.144471
-0.0680992
0.00900416
0.0887787
0.173091
0.26324
0.358203
0.453113
0.538119
0.602273
0.637299
0.644525
0.632808
-0.475868
-0.427718
-0.369144
-0.3038
-0.234495
-0.163407
-0.0916051
-0.0191388
0.0547753
0.131431
0.211619
0.294908
0.378124
0.454896
0.516481
0.556402
0.573197
0.572495
0.562038
-0.338289
-0.301443
-0.254106
-0.199595
-0.140501
-0.0788382
-0.0156972
0.0486948
0.114759
0.183124
0.253519
0.324224
0.39104
0.447968
0.488886
0.511433
0.517568
0.513114
0.503057
-0.208485
-0.181304
-0.144322
-0.100164
-0.0511622
0.000843099
0.0547794
0.110232
0.167238
0.22578
0.284693
0.34157
0.392146
0.431734
0.45681
0.467654
0.467221
0.460257
0.449779
-0.0670831
-0.0465602
-0.0179303
0.0166663
0.0552773
0.0963783
0.139132
0.18309
0.228077
0.273649
0.318103
0.358978
0.392578
0.415802
0.427094
0.428066
0.421478
0.410977
0.398438
0.0733254
0.0894444
0.11175
0.138131
0.167033
0.197295
0.228419
0.260009
0.291812
0.32315
0.352157
0.376731
0.394022
0.402316
0.401297
0.392934
0.37934
0.363174
0.345411
0.213221
0.241369
0.276104
0.314112
0.352943
0.390591
0.425798
0.457537
0.485022
0.507314
0.522929
0.530482
0.528701
0.517441
0.497323
0.469272
0.432899
0.385138
0.317201
0.317735
0.315424
0.310535
0.303218
0.294406
0.285276
0.277121
0.270829
0.2668
0.26461
0.263037
0.260291
0.254524
0.244169
0.228072
0.204975
0.172761
0.12653
0.0567324
0.434864
0.445027
0.451811
0.455028
0.454917
0.451944
0.446648
0.439421
0.430427
0.419221
0.405255
0.387513
0.365066
0.337042
0.302634
0.260313
0.207655
0.140847
0.055082
0.53964
0.546727
0.547249
0.542206
0.532561
0.519298
0.503312
0.485252
0.465442
0.443587
0.419391
0.391981
0.36057
0.324245
0.282136
0.232891
0.175325
0.108945
0.0359779
0.635538
0.637266
0.63034
0.616699
0.597827
0.575119
0.54978
0.522635
0.494097
0.463907
0.431862
0.397127
0.358972
0.316542
0.269197
0.216178
0.157586
0.0947473
0.0308178
0.729067
0.722932
0.707282
0.684359
0.656034
0.624127
0.59014
0.555017
0.51917
0.482277
0.444113
0.403801
0.36064
0.313873
0.26316
0.208237
0.149843
0.0895627
0.0295034
0.815488
0.799521
0.774244
0.741496
0.703721
0.663234
0.621755
0.580211
0.53886
0.497188
0.454833
0.410808
0.364405
0.314949
0.262315
0.206469
0.148266
0.0889514
0.0297005
0.867994
0.844226
0.810201
0.769033
0.724147
0.678201
0.632826
0.588633
0.545495
0.502535
0.459164
0.414232
0.367011
0.316877
0.263836
0.2079
0.149829
0.0905067
0.0305737
0.930733
0.897511
0.852385
0.801149
0.748213
0.696392
0.647059
0.600372
0.555725
0.511827
0.467823
0.422368
0.374663
0.324056
0.270553
0.214063
0.155163
0.0944428
0.0322304
0.985904
0.937723
0.879821
0.818765
0.759214
0.703618
0.652711
0.605916
0.561986
0.519128
0.476188
0.431606
0.384495
0.334132
0.280482
0.223306
0.163031
0.100048
0.0345015
1.01762
0.953385
0.883575
0.815009
0.752107
0.696388
0.647491
0.603845
0.563442
0.523964
0.483985
0.441749
0.396304
0.346859
0.293342
0.235375
0.173281
0.107308
0.0374413
1.02601
0.946594
0.866797
0.794047
0.731763
0.679836
0.636405
0.598773
0.564178
0.529831
0.494131
0.455175
0.411987
0.363727
0.310302
0.251196
0.186647
0.116754
0.0412758
1.02538
0.929292
0.841429
0.767961
0.709863
0.664764
0.629094
0.599092
0.571372
0.542798
0.511725
0.476149
0.435108
0.387703
0.333828
0.272784
0.204699
0.129446
0.0464331
1.00351
0.892224
0.801937
0.73377
0.685023
0.650773
0.625742
0.605352
0.585813
0.563829
0.537861
0.505862
0.466926
0.420099
0.365241
0.301417
0.228579
0.14626
0.0533462
0.907545
0.79696
0.71823
0.667518
0.638002
0.62226
0.61361
0.607114
0.59896
0.585963
0.566908
0.53983
0.503954
0.458303
0.402728
0.336004
0.257827
0.167232
0.0622476
0.811989
0.710883
0.651223
0.62321
0.615537
0.618958
0.626175
0.632519
0.634534
0.629329
0.616082
0.592911
0.559104
0.513565
0.456019
0.384759
0.298983
0.196874
0.0750108
0.692917
0.614109
0.586335
0.589289
0.60791
0.632632
0.656689
0.676317
0.688748
0.691551
0.684291
0.665189
0.633512
0.587934
0.52788
0.450929
0.355416
0.23816
0.0934192
0.492227
0.472999
0.498785
0.544737
0.596611
0.647037
0.691168
0.726691
0.751827
0.764796
0.765471
0.752312
0.724447
0.680247
0.618634
0.536232
0.429955
0.294496
0.12023
0.297771
0.362242
0.448219
0.537124
0.62042
0.69458
0.757455
0.808172
0.845959
0.869681
0.879212
0.873327
0.850727
0.809258
0.746903
0.658852
0.539517
0.379944
0.163664
0.111964
0.271924
0.41952
0.550375
0.664454
0.762418
0.845076
0.912729
0.96558
1.00321
1.02515
1.03068
1.0178
0.9836
0.924554
0.833744
0.701355
0.512206
0.23799
-0.0276974
0.219119
0.42027
0.588101
0.730869
0.852407
0.956246
1.04341
1.11505
1.17159
1.21192
1.23617
1.24133
1.22362
1.17724
1.09221
0.951738
0.729887
0.377774
-0.0948639
0.208402
0.448467
0.646648
0.815901
0.961302
1.08858
1.19914
1.29517
1.37829
1.44673
1.50203
1.54032
1.55716
1.54391
1.48656
1.35747
1.11251
0.667941
-0.0840068
0.235385
0.497868
0.719795
0.91356
1.08347
1.23691
1.37569
1.50339
1.6237
1.73466
1.84046
1.93769
2.02301
2.08566
2.10839
2.04913
1.8358
1.32914
-0.0152357
0.287639
0.559563
0.80013
1.01668
1.21153
1.39342
1.56526
1.73267
1.90314
2.07608
2.26064
2.45868
2.67396
2.89943
3.12421
3.29659
3.31311
2.95577
0.0686713
0.34572
0.623135
0.880391
1.11822
1.33762
1.54848
1.75695
1.97079
2.20542
2.46397
2.76492
3.13124
3.59854
4.21055
5.08196
6.39253
8.53175
12.3047
)
;

boundaryField
{
    up
    {
        type            calculated;
        value           nonuniform List<scalar> 
84
(
-12.3047
-2.95577
-1.32914
-0.667942
-0.377775
-0.237991
-0.163664
-0.12023
-0.093419
-0.0750105
-0.0622473
-0.0533461
-0.0464328
-0.0412757
-0.0374413
-0.0345016
-0.0322305
-0.030574
-0.0297009
-0.0295039
-0.0308189
-0.035981
-0.0550904
-0.056824
-0.272328
-0.326709
-0.381478
-0.432805
-0.48506
-0.541934
-0.608158
-0.687935
-0.773733
-1.24599
-0.680963
-0.0531986
-0.0703505
-0.0470589
-0.0352578
-0.0218643
-0.0145454
-0.00736941
0.00732243
0.0144397
0.0218696
0.03516
0.0469608
0.070157
0.0537344
0.67014
1.25097
0.774257
0.688465
0.608584
0.542296
0.48539
0.43313
0.381832
0.327049
0.273657
0.0567324
0.055082
0.0359779
0.0308178
0.0295034
0.0297005
0.0305737
0.0322304
0.0345015
0.0374413
0.0412758
0.0464331
0.0533462
0.0622476
0.0750108
0.0934192
0.12023
0.163664
0.23799
0.377774
0.667941
1.32914
2.95577
12.3047
)
;
    }
    low
    {
        type            calculated;
        value           nonuniform List<scalar> 
84
(
-0.0620556
0.0249716
0.0999105
0.112345
0.0387885
-0.114027
-0.314858
-0.520971
-0.725934
-0.838457
-0.929911
-1.02013
-1.02979
-1.0227
-1.00934
-0.970965
-0.910433
-0.846526
-0.79107
-0.699348
-0.603808
-0.50828
-0.405056
-0.29218
-0.193542
-0.066354
0.059015
0.188135
0.311444
0.447766
0.559299
0.667932
0.776156
0.858766
0.921015
0.978021
0.954568
0.858351
0.727101
0.556114
0.354287
0.137387
-0.137323
-0.354227
-0.556055
-0.727057
-0.858323
-0.954567
-0.978021
-0.921173
-0.858711
-0.776212
-0.667971
-0.55934
-0.447805
-0.311478
-0.18817
-0.0590431
0.0662945
0.193587
0.29214
0.405083
0.508291
0.603818
0.699357
0.79108
0.846535
0.910439
0.970971
1.00934
1.02271
1.02979
1.02013
0.929917
0.838466
0.725943
0.520978
0.314864
0.114031
-0.0387864
-0.112344
-0.0999115
-0.0249722
0.0620557
)
;
    }
    left
    {
        type            calculated;
        value           nonuniform List<scalar> 
19
(
-0.0608093
-0.331475
-0.614171
-0.879936
-1.12768
-1.35712
-1.57907
-1.80078
-2.03007
-2.28679
-2.57374
-2.91227
-3.33313
-3.8851
-4.62383
-5.71145
-7.39751
-10.226
-10.6729
)
;
    }
    right
    {
        type            calculated;
        value           nonuniform List<scalar> 
19
(
0.0608096
0.331476
0.614172
0.879936
1.12768
1.35712
1.57907
1.80078
2.03007
2.28679
2.57374
2.91227
3.33313
3.8851
4.62382
5.71145
7.39751
10.226
10.6729
)
;
    }
    frontAndBackPlanes
    {
        type            empty;
    }
}


// ************************************************************************* //
