/*--------------------------------*- C++ -*----------------------------------*\
  =========                 |
  \\      /  F ield         | OpenFOAM: The Open Source CFD Toolbox
   \\    /   O peration     | Website:  https://openfoam.org
    \\  /    A nd           | Version:  7
     \\/     M anipulation  |
\*---------------------------------------------------------------------------*/
FoamFile
{
    version     2.0;
    format      ascii;
    class       volScalarField;
    location    "0.115";
    object      gradTx;
}
// * * * * * * * * * * * * * * * * * * * * * * * * * * * * * * * * * * * * * //

dimensions      [0 -1 0 1 0 0 0];

internalField   nonuniform List<scalar> 
1596
(
-0.433156
-2.17057
-3.85641
-5.31776
-6.52454
-7.46198
-8.17972
-8.71275
-9.11121
-9.46144
-9.79427
-10.2106
-10.8207
-11.7713
-13.2254
-15.5528
-19.2986
-25.6212
-36.911
0.107585
-1.77245
-3.42362
-4.80634
-5.93831
-6.81878
-7.49374
-7.98366
-8.32904
-8.58022
-8.7531
-8.90765
-9.07477
-9.29572
-9.57671
-9.91328
-10.169
-10.0442
-8.88086
0.557003
-1.37537
-2.94468
-4.21781
-5.24773
-6.04949
-6.66326
-7.10426
-7.40188
-7.58675
-7.66599
-7.67456
-7.61717
-7.50372
-7.32238
-7.0459
-6.56993
-5.69923
-4.02711
0.647619
-1.11036
-2.49826
-3.61199
-4.50987
-5.21341
-5.75375
-6.14312
-6.40157
-6.54699
-6.58306
-6.52839
-6.37894
-6.13261
-5.77647
-5.2862
-4.59829
-3.60397
-2.07123
0.26715
-1.06853
-2.16458
-3.06424
-3.79978
-4.38627
-4.84217
-5.17595
-5.39967
-5.52197
-5.54557
-5.47786
-5.31215
-5.04111
-4.65354
-4.12933
-3.43232
-2.50552
-1.22353
-0.531648
-1.2892
-2.00946
-2.64786
-3.19324
-3.64386
-4.00298
-4.27344
-4.45996
-4.56396
-4.58752
-4.53024
-4.38455
-4.14034
-3.78746
-3.30752
-2.67898
-1.87129
-0.818216
-1.57753
-1.75026
-2.06432
-2.41354
-2.74775
-3.04516
-3.29406
-3.49
-3.63084
-3.71217
-3.73467
-3.69262
-3.57789
-3.3787
-3.08505
-2.6786
-2.14426
-1.46312
-0.599096
-2.65221
-2.35119
-2.29225
-2.35654
-2.47491
-2.61045
-2.73989
-2.85141
-2.93688
-2.98721
-3.00084
-2.9686
-2.88176
-2.72763
-2.49594
-2.16807
-1.73108
-1.17013
-0.463109
-3.74914
-3.13917
-2.76716
-2.55729
-2.44999
-2.40529
-2.39499
-2.40176
-2.41278
-2.41514
-2.40413
-2.36808
-2.29713
-2.17789
-1.99947
-1.74306
-1.39573
-0.943111
-0.368153
-4.4005
-3.69997
-3.15693
-2.76008
-2.47999
-2.28681
-2.15536
-2.067
-2.0069
-1.96025
-1.91976
-1.87257
-1.80803
-1.7128
-1.57577
-1.37894
-1.10935
-0.752568
-0.29334
-4.93959
-4.2163
-3.57971
-3.05049
-2.62877
-2.30179
-2.05359
-1.86848
-1.73218
-1.62953
-1.55109
-1.48335
-1.41476
-1.33204
-1.2239
-1.07343
-0.867644
-0.592078
-0.231949
-5.5052
-4.79779
-4.10752
-3.47716
-2.93078
-2.47477
-2.10623
-1.81628
-1.59375
-1.42443
-1.29745
-1.19855
-1.11501
-1.03318
-0.941338
-0.82358
-0.667066
-0.457566
-0.180518
-5.69505
-5.08622
-4.42134
-3.76411
-3.15677
-2.62242
-2.17117
-1.80302
-1.51205
-1.28694
-1.11712
-0.988562
-0.888048
-0.80194
-0.718419
-0.622848
-0.503041
-0.345734
-0.137254
-5.78968
-5.28115
-4.66836
-4.01625
-3.37768
-2.78953
-2.27387
-1.8403
-1.4892
-1.21311
-1.00274
-0.844651
-0.725342
-0.631102
-0.549937
-0.468219
-0.374459
-0.256574
-0.10216
-5.85178
-5.43057
-4.87561
-4.24446
-3.59311
-2.96816
-2.40187
-1.91322
-1.50933
-1.18707
-0.939127
-0.752806
-0.614441
-0.510093
-0.427446
-0.353512
-0.277377
-0.188095
-0.0746655
-5.79292
-5.46554
-4.97891
-4.38691
-3.74517
-3.10611
-2.50967
-1.98306
-1.53996
-1.18179
-0.903745
-0.694229
-0.539682
-0.426021
-0.340638
-0.270952
-0.206517
-0.137394
-0.0539421
-5.59758
-5.36267
-4.95269
-4.41545
-3.80406
-3.17351
-2.56883
-2.02378
-1.55783
-1.17682
-0.878697
-0.653268
-0.487417
-0.36712
-0.279632
-0.212676
-0.156199
-0.101099
-0.0389276
-5.34577
-5.17342
-4.83313
-4.35481
-3.78465
-3.17704
-2.57983
-2.03151
-1.55627
-1.16384
-0.854823
-0.620485
-0.448335
-0.324556
-0.236389
-0.171809
-0.121091
-0.07579
-0.0284127
-5.14006
-5.01729
-4.72896
-4.29616
-3.75898
-3.17042
-2.5803
-2.03067
-1.54952
-1.14965
-0.833703
-0.594024
-0.418461
-0.293225
-0.205434
-0.143147
-0.096816
-0.0584479
-0.0212371
-4.70143
-4.65093
-4.43173
-4.06466
-3.58483
-3.04187
-2.48524
-1.9586
-1.49258
-1.10254
-0.793143
-0.55819
-0.386382
-0.264487
-0.17996
-0.12125
-0.0791807
-0.0462524
-0.0162988
-4.18207
-4.19042
-4.03696
-3.73722
-3.32146
-2.83501
-2.32536
-1.83593
-1.3985
-1.03009
-0.736882
-0.514081
-0.351437
-0.236577
-0.157612
-0.103615
-0.0659161
-0.0375278
-0.0128774
-3.61146
-3.65764
-3.56017
-3.32543
-2.97739
-2.55584
-2.1047
-1.66527
-1.26889
-0.933152
-0.665147
-0.461389
-0.312844
-0.208332
-0.136979
-0.0887825
-0.0557561
-0.0314213
-0.0106311
-2.94744
-3.01157
-2.96181
-2.79389
-2.52322
-2.18152
-1.80661
-1.43525
-1.09651
-0.807427
-0.57553
-0.398796
-0.269809
-0.179131
-0.117463
-0.0762141
-0.0484096
-0.0281764
-0.0103164
-2.1691
-2.14404
-2.04113
-1.86594
-1.63658
-1.37768
-1.11418
-0.866866
-0.650406
-0.471719
-0.332098
-0.228064
-0.153509
-0.101889
-0.0672767
-0.0445629
-0.029622
-0.0187409
-0.00799662
-1.45088
-1.5953
-1.70258
-1.73674
-1.68403
-1.55072
-1.3583
-1.13456
-0.907409
-0.697866
-0.518768
-0.375215
-0.265383
-0.184839
-0.12802
-0.0895225
-0.0643376
-0.0481625
-0.0364954
-0.484692
-0.538187
-0.597767
-0.644348
-0.664949
-0.653463
-0.611394
-0.545267
-0.465584
-0.382569
-0.304181
-0.236133
-0.179722
-0.13487
-0.100392
-0.0752281
-0.057816
-0.0469576
-0.0409337
0.486097
0.42922
0.332984
0.214337
0.0922227
-0.0165536
-0.100654
-0.155196
-0.182112
-0.187263
-0.177555
-0.160241
-0.139372
-0.117829
-0.0972113
-0.0793106
-0.065013
-0.0551939
-0.0494079
1.44514
1.36876
1.22698
1.0376
0.82347
0.608314
0.412297
0.24861
0.122282
0.0316378
-0.0285195
-0.0657797
-0.0857569
-0.0930925
-0.0910702
-0.0836508
-0.0740489
-0.0656587
-0.0597937
2.29309
2.17703
1.98289
1.73034
1.44328
1.14777
0.867684
0.620232
0.414616
0.252262
0.129888
0.040513
-0.021746
-0.0618321
-0.0830055
-0.089872
-0.0869968
-0.0804733
-0.0741135
3.14304
2.97015
2.71307
2.39243
2.03351
1.66393
1.30929
0.988553
0.713054
0.485954
0.305274
0.164459
0.057478
-0.0204794
-0.0714735
-0.0989787
-0.106915
-0.103467
-0.0958963
3.74685
3.51196
3.20091
2.83311
2.43279
2.02513
1.63329
1.27439
0.959381
0.691819
0.470718
0.290146
0.144262
0.0285891
-0.056966
-0.112856
-0.138722
-0.141742
-0.131883
4.27751
3.9912
3.62832
3.2161
2.77953
2.34142
1.92195
1.53564
1.1921
0.89442
0.641983
0.428933
0.248863
0.0962328
-0.0286371
-0.123872
-0.181831
-0.202829
-0.195009
4.73262
4.37847
3.96203
3.51108
3.04823
2.59213
2.15878
1.75916
1.40088
1.08605
0.814202
0.579698
0.375449
0.193702
0.0324156
-0.108745
-0.216816
-0.280526
-0.288702
4.97524
4.52231
4.0312
3.52732
3.02943
2.55151
2.10517
1.69778
1.33437
1.01554
0.73971
0.501052
0.291567
0.100865
-0.0783396
-0.254077
-0.419925
-0.563882
-0.660777
5.07351
4.58717
4.09976
3.62704
3.176
2.75057
2.3542
1.98898
1.65697
1.35856
1.09355
0.859774
0.653169
0.467797
0.29687
0.128799
-0.0450606
-0.233305
-0.43667
5.11065
4.6153
4.14846
3.70806
3.29131
2.8974
2.52707
2.18159
1.86297
1.57222
1.31007
1.07637
0.869005
0.685589
0.523663
0.379206
0.248276
0.125412
0.00276981
4.7407
4.17843
3.67723
3.22315
2.80853
2.42964
2.08451
1.77175
1.49063
1.23948
1.01666
0.820207
0.64677
0.493417
0.357909
0.238052
0.132742
0.0422176
-0.0340088
4.08937
3.59148
3.15285
2.75984
2.4046
2.08262
1.79103
1.52767
1.29116
1.0796
0.891345
0.724647
0.57673
0.445195
0.328181
0.223695
0.130367
0.047865
-0.0246267
3.34729
2.93893
2.57636
2.25194
1.96014
1.69712
1.46007
1.24673
1.05558
0.884666
0.732479
0.597415
0.477141
0.369665
0.273486
0.186979
0.109085
0.0396482
-0.021894
2.49115
2.18106
1.90797
1.66564
1.44923
1.25523
1.08104
0.924642
0.784623
0.659359
0.547651
0.448252
0.359431
0.279735
0.208126
0.143462
0.0850626
0.0329355
-0.0132536
1.5562
1.34994
1.17463
1.02231
0.887971
0.768466
0.661685
0.56608
0.480618
0.404181
0.335969
0.275168
0.220692
0.171638
0.127378
0.0872236
0.050792
0.0181479
-0.0108513
0.593874
0.508831
0.439596
0.3805
0.328782
0.28299
0.24226
0.205992
0.173779
0.145176
0.119844
0.0974274
0.0774726
0.0595879
0.0434808
0.0288431
0.0154829
0.00338165
-0.00752858
-0.59359
-0.508179
-0.438684
-0.379414
-0.327591
-0.281751
-0.241018
-0.204784
-0.172631
-0.144111
-0.118877
-0.0965697
-0.0767316
-0.0589694
-0.0429884
-0.0284796
-0.0152499
-0.00327788
0.0075061
-1.55593
-1.34935
-1.17381
-1.02134
-0.886917
-0.767374
-0.660595
-0.565025
-0.479624
-0.403266
-0.335147
-0.274449
-0.220082
-0.171142
-0.127001
-0.0869677
-0.0506588
-0.0181359
0.0107458
-2.49087
-2.18047
-1.90716
-1.66468
-1.44817
-1.25412
-1.07993
-0.923564
-0.783603
-0.658416
-0.546798
-0.447497
-0.358779
-0.279187
-0.207682
-0.14312
-0.0848202
-0.0327869
0.0133147
-3.34706
-2.93849
-2.57576
-2.25123
-1.95936
-1.69631
-1.45926
-1.24597
-1.05487
-0.884021
-0.731911
-0.59693
-0.476741
-0.369349
-0.273254
-0.186828
-0.109011
-0.0396475
0.0218275
-4.0892
-3.59115
-3.1524
-2.75929
-2.40399
-2.08199
-1.79041
-1.52708
-1.29062
-1.07911
-0.890931
-0.724304
-0.576457
-0.444992
-0.328043
-0.223616
-0.13034
-0.0478809
0.0245811
-4.74065
-4.17826
-3.67696
-3.2228
-2.80814
-2.42924
-2.08413
-1.77142
-1.49035
-1.23926
-1.01651
-0.820116
-0.64674
-0.493443
-0.357986
-0.238169
-0.132881
-0.0423513
0.0339083
-5.11058
-4.61477
-4.14739
-3.70646
-3.28927
-2.89502
-2.52446
-2.17888
-1.86026
-1.56959
-1.30757
-1.07402
-0.866819
-0.683551
-0.521754
-0.377434
-0.246694
-0.124185
-0.00219153
-5.07432
-4.58937
-4.10337
-3.63193
-3.18196
-2.75737
-2.36157
-1.99665
-1.6647
-1.36617
-1.10092
-0.86682
-0.659901
-0.474288
-0.303253
-0.135267
0.0383498
0.226334
0.429732
-4.97482
-4.52122
-4.02946
-3.52505
-3.02674
-2.54855
-2.10208
-1.69466
-1.33132
-1.0126
-0.736931
-0.498448
-0.289143
-0.0986114
0.0804695
0.256193
0.422278
0.566906
0.665047
-4.73288
-4.37912
-3.96303
-3.51238
-3.04976
-2.59382
-2.16055
-1.76094
-1.4026
-1.08766
-0.81567
-0.58101
-0.3766
-0.194678
-0.0331727
0.108298
0.216786
0.280971
0.289506
-4.27766
-3.9916
-3.62896
-3.21695
-2.78056
-2.34258
-1.92319
-1.53689
-1.1933
-0.895527
-0.642966
-0.429777
-0.249554
-0.0967481
0.0283395
0.123849
0.182105
0.203327
0.195582
-3.74702
-3.51239
-3.20159
-2.83403
-2.43389
-2.02635
-1.63456
-1.27563
-0.96054
-0.69285
-0.471595
-0.290861
-0.144808
-0.0289567
0.0567942
0.112893
0.138947
0.142079
0.132216
-3.14321
-2.9706
-2.7138
-2.39341
-2.03467
-1.6652
-1.31058
-0.989781
-0.714159
-0.486898
-0.306044
-0.165054
-0.057906
0.0202153
0.0713689
0.0990211
0.10707
0.103681
0.0961031
-2.29325
-2.17748
-1.98362
-1.73131
-1.44442
-1.14899
-0.868887
-0.621341
-0.415579
-0.253052
-0.130503
-0.040965
0.0214418
0.0616621
0.0829542
0.0899181
0.0871091
0.0806165
0.0742507
-1.44532
-1.36926
-1.22778
-1.03863
-0.824649
-0.60953
-0.413452
-0.24963
-0.123125
-0.0322937
0.0280378
0.0654493
0.0855537
0.0929954
0.0910583
0.0837017
0.0741379
0.0657641
0.0598946
-0.486267
-0.429711
-0.333775
-0.21535
-0.0933455
0.0154368
0.0996412
0.154347
0.181452
0.186785
0.177233
0.160043
0.139271
0.117803
0.097238
0.0793724
0.0650932
0.0552813
0.0494929
0.484274
0.536948
0.595766
0.641796
0.662141
0.650691
0.608891
0.543168
0.463935
0.381346
0.303318
0.235554
0.179356
0.134656
0.100281
0.0751828
0.0578098
0.046978
0.0409848
1.45114
1.5963
1.70437
1.7392
1.68694
1.5538
1.36128
1.13725
0.909696
0.699712
0.520197
0.376288
0.26617
0.185412
0.128439
0.0898366
0.0645819
0.0483621
0.0366619
2.16877
2.14293
2.03931
1.86362
1.63401
1.37512
1.11184
0.864853
0.648765
0.470443
0.331143
0.227373
0.153024
0.10156
0.06706
0.0444252
0.0295385
0.0186952
0.00798076
2.94759
3.01188
2.96226
2.79442
2.52376
2.182
1.80701
1.43554
1.09671
0.807549
0.575595
0.398824
0.269817
0.17913
0.11746
0.0762115
0.0484083
0.0281767
0.010318
3.61147
3.65765
3.56018
3.32543
2.97738
2.55582
2.10467
1.66523
1.26885
0.933115
0.665116
0.461365
0.312829
0.208324
0.136976
0.0887832
0.0557587
0.0314243
0.010633
4.18208
4.19043
4.03697
3.73722
3.32145
2.83499
2.32534
1.8359
1.39847
1.03006
0.736861
0.514068
0.35143
0.236576
0.157615
0.10362
0.0659218
0.0375322
0.0128789
4.70144
4.65094
4.43174
4.06466
3.58482
3.04185
2.48522
1.95858
1.49255
1.10251
0.793129
0.558183
0.386381
0.26449
0.179967
0.121259
0.0791888
0.046258
0.0163005
5.14007
5.01731
4.72898
4.29617
3.75898
3.17042
2.58029
2.03065
1.5495
1.14963
0.833694
0.594021
0.418463
0.293232
0.205445
0.143158
0.0968262
0.0584545
0.0212389
5.34578
5.17343
4.83315
4.35483
3.78466
3.17704
2.57982
2.03149
1.55626
1.16383
0.854818
0.620486
0.448341
0.324567
0.236403
0.171823
0.121102
0.075797
0.0284143
5.59759
5.36268
4.9527
4.41546
3.80406
3.17351
2.56882
2.02377
1.55782
1.17681
0.878696
0.653273
0.487427
0.367134
0.279648
0.212691
0.156211
0.101105
0.0389285
5.79294
5.46556
4.97893
4.38693
3.74519
3.10612
2.50967
1.98306
1.53995
1.18179
0.903748
0.694237
0.539695
0.426036
0.340654
0.270966
0.206526
0.137396
0.0539416
5.85178
5.43058
4.87562
4.24448
3.59312
2.96816
2.40186
1.91322
1.50933
1.18707
0.939132
0.752816
0.614454
0.510107
0.427458
0.353519
0.277378
0.188092
0.0746631
5.78969
5.28116
4.66838
4.01627
3.37769
2.78954
2.27387
1.8403
1.4892
1.21311
1.00275
0.844661
0.725352
0.63111
0.549939
0.468214
0.374449
0.256563
0.102156
5.69507
5.08624
4.42137
3.76414
3.15679
2.62243
2.17117
1.80302
1.51205
1.28695
1.11713
0.988568
0.88805
0.801935
0.718406
0.622826
0.503016
0.345715
0.137249
5.50519
4.79779
4.10752
3.47715
2.93078
2.47477
2.10623
1.81628
1.59375
1.42443
1.29744
1.19854
1.115
1.03316
0.941304
0.82354
0.667029
0.457542
0.180514
4.93962
4.21633
3.57973
3.0505
2.62878
2.3018
2.0536
1.86848
1.73218
1.62952
1.55108
1.48333
1.41473
1.332
1.22385
1.07337
0.8676
0.592056
0.231948
4.40055
3.7
3.15694
2.76009
2.48
2.28681
2.15537
2.067
2.00689
1.96024
1.91973
1.87253
1.80797
1.71273
1.57571
1.37889
1.10931
0.752555
0.293344
3.74918
3.1392
2.76717
2.55729
2.44999
2.4053
2.39499
2.40175
2.41277
2.41512
2.40409
2.36802
2.29706
2.17782
1.99941
1.74301
1.39571
0.943112
0.368161
2.65224
2.35121
2.29226
2.35655
2.47492
2.61045
2.73989
2.8514
2.93686
2.98717
3.00079
2.96853
2.88169
2.72757
2.4959
2.16805
1.73108
1.17015
0.46312
1.57756
1.75028
2.06434
2.41355
2.74776
3.04516
3.29405
3.48998
3.63081
3.71213
3.73462
3.69256
3.57784
3.37866
3.08504
2.67862
2.14429
1.46315
0.599105
0.531664
1.28922
2.00948
2.64789
3.19326
3.64386
4.00297
4.27342
4.45992
4.56392
4.58748
4.5302
4.38453
4.14034
3.78749
3.30757
2.67903
1.87132
0.818219
-0.267141
1.06855
2.16461
3.06426
3.79979
4.38627
4.84216
5.17593
5.39964
5.52194
5.54554
5.47785
5.31215
5.04115
4.6536
4.12939
3.43238
2.50555
1.22352
-0.647616
1.11038
2.49828
3.612
4.50987
5.2134
5.75373
6.1431
6.40155
6.54698
6.58306
6.5284
6.37898
6.13267
5.77653
5.28626
4.59832
3.60397
2.07121
-0.557005
1.37538
2.94468
4.2178
5.24771
6.04947
6.66325
7.10425
7.40188
7.58676
7.66602
7.6746
7.61723
7.50378
7.32243
7.04593
6.56993
5.69921
4.0271
-0.107583
1.77245
3.4236
4.80632
5.93828
6.81876
7.49373
7.98366
8.32906
8.58025
8.75314
8.90771
9.07482
9.29576
9.57672
9.91326
10.169
10.0442
8.88085
0.433162
2.17056
3.85639
5.31774
6.52452
7.46196
8.17971
8.71276
9.11123
9.46147
9.79431
10.2106
10.8207
11.7713
13.2254
15.5528
19.2986
25.6212
36.911
)
;

boundaryField
{
    up
    {
        type            calculated;
        value           nonuniform List<scalar> 
84
(
-36.911
-8.88086
-4.02711
-2.07123
-1.22353
-0.818216
-0.599096
-0.463109
-0.368153
-0.29334
-0.231949
-0.180518
-0.137254
-0.10216
-0.0746655
-0.0539421
-0.0389276
-0.0284127
-0.0212371
-0.0162988
-0.0128774
-0.0106311
-0.0103164
-0.00799662
-0.0303265
-0.036965
-0.0448594
-0.0540519
-0.0663252
-0.0846828
-0.114481
-0.163755
-0.234082
-0.628158
-0.44161
0.00249163
-0.0334235
-0.0242491
-0.0216705
-0.0131551
-0.0108058
-0.00751449
0.00749213
0.0107009
0.0132167
0.0216054
0.0242055
0.0333251
-0.00192428
0.43467
0.633123
0.23483
0.164208
0.114739
0.0848419
0.0664322
0.0541337
0.0449329
0.0370274
0.0304679
0.00798076
0.010318
0.010633
0.0128789
0.0163005
0.0212389
0.0284143
0.0389285
0.0539416
0.0746631
0.102156
0.137249
0.180514
0.231948
0.293344
0.368161
0.46312
0.599105
0.818219
1.22352
2.07121
4.0271
8.88085
36.911
)
;
    }
    low
    {
        type            calculated;
        value           nonuniform List<scalar> 
84
(
-0.389199
0.175122
0.663999
0.761449
0.337111
-0.544284
-1.67908
-2.81916
-3.93966
-4.55727
-5.08094
-5.62666
-5.76177
-5.82583
-5.87101
-5.7817
-5.55823
-5.29944
-5.07341
-4.59271
-4.04797
-3.46543
-2.79637
-2.03104
-1.33849
-0.443265
0.43876
1.32933
2.14938
3.0077
3.64639
4.20511
4.69636
4.98165
5.11139
5.18455
4.85001
4.19905
3.44152
2.56413
1.60367
0.613481
-0.613195
-1.60339
-2.56383
-3.44127
-4.19884
-4.84992
-5.18443
-5.11208
-4.98123
-4.69655
-4.20524
-3.64655
-3.00787
-2.14955
-1.32953
-0.438933
0.442856
1.33874
2.03073
2.7965
3.46544
4.04798
4.59271
5.07342
5.29945
5.55824
5.78171
5.87101
5.82584
5.76179
5.62664
5.08096
4.55731
3.93969
2.81918
1.6791
0.544302
-0.337102
-0.761452
-0.664012
-0.175132
0.389201
)
;
    }
    left
    {
        type            calculated;
        value           nonuniform List<scalar> 
19
(
-0.388209
-2.09519
-3.82263
-5.34093
-6.60455
-7.58867
-8.34546
-8.91491
-9.34643
-9.7449
-10.1412
-10.6454
-11.3977
-12.5878
-14.4157
-17.3942
-22.2772
-30.682
-32.0079
)
;
    }
    right
    {
        type            calculated;
        value           nonuniform List<scalar> 
19
(
0.388215
2.09519
3.82262
5.34091
6.60453
7.58866
8.34545
8.91491
9.34645
9.74493
10.1412
10.6454
11.3977
12.5877
14.4156
17.3941
22.2771
30.682
32.0079
)
;
    }
    frontAndBackPlanes
    {
        type            empty;
    }
}


// ************************************************************************* //
