/*--------------------------------*- C++ -*----------------------------------*\
  =========                 |
  \\      /  F ield         | OpenFOAM: The Open Source CFD Toolbox
   \\    /   O peration     | Website:  https://openfoam.org
    \\  /    A nd           | Version:  7
     \\/     M anipulation  |
\*---------------------------------------------------------------------------*/
FoamFile
{
    version     2.0;
    format      ascii;
    class       volScalarField;
    location    "0.174";
    object      gradTx;
}
// * * * * * * * * * * * * * * * * * * * * * * * * * * * * * * * * * * * * * //

dimensions      [0 -1 0 1 0 0 0];

internalField   nonuniform List<scalar> 
1596
(
-0.320422
-1.60649
-2.86796
-3.98844
-4.95404
-5.75753
-6.43645
-7.01556
-7.53063
-8.04872
-8.59206
-9.24171
-10.0899
-11.2646
-12.9124
-15.3884
-19.2326
-25.6066
-36.9125
0.0726642
-1.33087
-2.57237
-3.63245
-4.53142
-5.27151
-5.88723
-6.39136
-6.81138
-7.18381
-7.51695
-7.85694
-8.22485
-8.64934
-9.12409
-9.63022
-10.0204
-9.98738
-8.87325
0.396297
-1.07295
-2.26982
-3.25459
-4.07356
-4.74036
-5.28511
-5.7165
-6.05334
-6.31624
-6.5065
-6.64996
-6.74684
-6.80016
-6.79034
-6.67908
-6.35073
-5.59778
-4.00558
0.452502
-0.92369
-2.00892
-2.8875
-3.61018
-4.19554
-4.66718
-5.032
-5.30212
-5.48852
-5.59056
-5.62163
-5.57672
-5.45163
-5.23027
-4.88206
-4.3348
-3.46723
-2.03564
0.151563
-0.943363
-1.83556
-2.57028
-3.17855
-3.67428
-4.07177
-4.37585
-4.59317
-4.72817
-4.78043
-4.75512
-4.64685
-4.44972
-4.15324
-3.73601
-3.15716
-2.35003
-1.1775
-0.476639
-1.1561
-1.78629
-2.34112
-2.81649
-3.21311
-3.53364
-3.77936
-3.95199
-4.05093
-4.07624
-4.02732
-3.89925
-3.68567
-3.38002
-2.96683
-2.42415
-1.71611
-0.767456
-1.30895
-1.54432
-1.87812
-2.22752
-2.55394
-2.84109
-3.07941
-3.26497
-3.39476
-3.46407
-3.47274
-3.41604
-3.28926
-3.08552
-2.80021
-2.42099
-1.93611
-1.32606
-0.549907
-2.17649
-2.03269
-2.08233
-2.22241
-2.39357
-2.56506
-2.71684
-2.83921
-2.92474
-2.96538
-2.95992
-2.90084
-2.78311
-2.59926
-2.34524
-2.01012
-1.58712
-1.06492
-0.421078
-3.07142
-2.66473
-2.46542
-2.39699
-2.40159
-2.44232
-2.49302
-2.53896
-2.56902
-2.57233
-2.54588
-2.48015
-2.3692
-2.20476
-1.98225
-1.69106
-1.32608
-0.879469
-0.33788
-3.60793
-3.10954
-2.76587
-2.54957
-2.42301
-2.354
-2.31654
-2.29368
-2.27237
-2.24025
-2.19268
-2.11928
-2.01337
-1.86627
-1.67281
-1.42273
-1.11134
-0.73235
-0.276948
-4.04842
-3.51485
-3.08626
-2.7615
-2.52474
-2.35477
-2.23082
-2.13691
-2.0599
-1.98714
-1.91271
-1.82592
-1.71937
-1.58407
-1.41408
-1.1992
-0.934388
-0.613652
-0.230144
-4.50265
-3.96996
-3.48952
-3.08019
-2.74497
-2.47596
-2.261
-2.08807
-1.94592
-1.82272
-1.71185
-1.6026
-1.48688
-1.35527
-1.20095
-1.01359
-0.787308
-0.515753
-0.192498
-4.63886
-4.1783
-3.71118
-3.27606
-2.89138
-2.56163
-2.28389
-2.05187
-1.85794
-1.69249
-1.54946
-1.41894
-1.29286
-1.1619
-1.01886
-0.853639
-0.659834
-0.430832
-0.160274
-4.6884
-4.30501
-3.87584
-3.44243
-3.03268
-2.66158
-2.33487
-2.05288
-1.81248
-1.60717
-1.43227
-1.27913
-1.14
-1.0059
-0.869397
-0.720655
-0.552853
-0.359146
-0.133108
-4.70382
-4.38959
-4.0059
-3.58943
-3.17109
-2.77307
-2.40855
-2.08439
-1.80243
-1.55979
-1.3538
-1.17735
-1.0233
-0.883088
-0.749188
-0.612016
-0.464421
-0.299368
-0.110316
-4.61578
-4.37602
-4.04736
-3.6639
-3.25631
-2.85066
-2.46543
-2.11316
-1.80051
-1.52842
-1.2967
-1.10009
-0.932375
-0.785648
-0.652484
-0.523643
-0.39182
-0.249912
-0.0913301
-4.41655
-4.24864
-3.98103
-3.64316
-3.26338
-2.86887
-2.4812
-2.11709
-1.78738
-1.49665
-1.24734
-1.03626
-0.858421
-0.706753
-0.574184
-0.451923
-0.332699
-0.209483
-0.0757514
-4.17444
-4.05347
-3.84035
-3.55071
-3.20716
-2.83542
-2.45815
-2.09476
-1.7593
-1.45947
-1.20022
-0.980409
-0.796369
-0.641976
-0.510635
-0.394048
-0.285098
-0.176932
-0.0631918
-3.97223
-3.88863
-3.71676
-3.46563
-3.15252
-2.80099
-2.43402
-2.07283
-1.73399
-1.42779
-1.16128
-0.935056
-0.746552
-0.590409
-0.460383
-0.348507
-0.24775
-0.151407
-0.0533167
-3.59492
-3.56239
-3.44059
-3.2394
-2.97237
-2.65969
-2.32296
-1.98354
-1.65932
-1.36241
-1.10161
-0.879218
-0.693921
-0.541372
-0.415945
-0.310195
-0.217334
-0.130974
-0.0454417
-3.16665
-3.17454
-3.09835
-2.94539
-2.7262
-2.45765
-2.15914
-1.85106
-1.55154
-1.27364
-1.02725
-0.816008
-0.639713
-0.495024
-0.377022
-0.278818
-0.193805
-0.115745
-0.0395576
-2.7112
-2.74466
-2.70606
-2.59728
-2.42525
-2.20335
-1.94839
-1.67895
-1.41247
-1.16209
-0.938074
-0.744915
-0.583245
-0.450698
-0.343176
-0.254463
-0.178037
-0.107212
-0.0365418
-2.19719
-2.24247
-2.23432
-2.16809
-2.04598
-1.87705
-1.67466
-1.45456
-1.23249
-1.0208
-0.82929
-0.662886
-0.522766
-0.407571
-0.314326
-0.237973
-0.172401
-0.110041
-0.0420104
-1.60917
-1.58716
-1.52672
-1.42912
-1.30142
-1.15369
-0.99733
-0.842735
-0.698749
-0.570889
-0.461903
-0.371882
-0.2988
-0.240021
-0.192795
-0.153967
-0.119618
-0.0838198
-0.0371799
-1.07544
-1.18962
-1.30068
-1.38393
-1.42377
-1.41311
-1.35416
-1.25536
-1.12991
-0.991412
-0.851519
-0.719449
-0.599833
-0.495777
-0.408533
-0.338008
-0.281557
-0.234369
-0.186995
-0.361578
-0.409559
-0.469309
-0.52749
-0.574143
-0.60258
-0.610745
-0.599479
-0.573128
-0.536896
-0.494778
-0.450918
-0.406115
-0.36172
-0.319104
-0.281192
-0.249356
-0.225097
-0.207364
0.353973
0.296796
0.212122
0.112019
0.00846776
-0.0883255
-0.171571
-0.237661
-0.286784
-0.321186
-0.342757
-0.354109
-0.35496
-0.34572
-0.327524
-0.30477
-0.281263
-0.261383
-0.246211
1.06515
0.987215
0.869193
0.724237
0.56585
0.406505
0.256019
0.12077
0.00329787
-0.0966657
-0.179657
-0.246953
-0.296949
-0.328066
-0.339515
-0.335514
-0.321625
-0.305456
-0.290792
1.70263
1.58956
1.43108
1.24224
1.03693
0.828076
0.626258
0.438497
0.268202
0.115704
-0.01917
-0.137135
-0.235545
-0.310286
-0.356743
-0.376383
-0.374495
-0.361892
-0.346268
2.35525
2.19698
1.99176
1.75514
1.50146
1.24416
0.994069
0.758214
0.540127
0.339965
0.157115
-0.009769
-0.158315
-0.282767
-0.373844
-0.427404
-0.444558
-0.437615
-0.419644
2.83693
2.62775
2.37854
2.10413
1.81835
1.53316
1.25759
0.99687
0.753307
0.525953
0.313117
0.111856
-0.0773052
-0.249166
-0.390866
-0.490762
-0.539597
-0.544817
-0.522773
3.27755
3.02565
2.73394
2.42303
2.10746
1.79775
1.50109
1.22096
0.958457
0.711606
0.47767
0.25164
0.0305792
-0.184476
-0.381809
-0.545482
-0.65173
-0.69196
-0.676156
3.67415
3.36614
3.0293
2.68445
2.34442
2.01712
1.70728
1.41637
1.14435
0.888449
0.645494
0.409229
0.173345
-0.0676567
-0.309591
-0.542828
-0.735863
-0.857224
-0.876059
3.91476
3.52254
3.11873
2.72171
2.3412
1.98208
1.64664
1.33468
1.04517
0.774954
0.52046
0.275257
0.0312903
-0.22237
-0.492775
-0.787394
-1.0915
-1.37753
-1.59342
4.04708
3.62238
3.21697
2.84172
2.49781
2.18329
1.89515
1.62998
1.38495
1.1571
0.944263
0.743532
0.551279
0.361859
0.167834
-0.0460426
-0.293351
-0.589217
-0.937497
4.13266
3.69772
3.30828
2.95962
2.64452
2.35706
2.09225
1.84637
1.61697
1.40196
1.20036
1.01156
0.834638
0.66923
0.515597
0.372297
0.237254
0.104413
-0.0375678
3.87995
3.38509
2.96148
2.59295
2.26779
1.978
1.71724
1.48074
1.26504
1.06698
0.884574
0.716362
0.560713
0.41692
0.28548
0.167033
0.0633856
-0.022833
-0.0905176
3.38147
2.93698
2.56161
2.23875
1.95681
1.70762
1.48486
1.2838
1.10105
0.93367
0.779875
0.638391
0.5078
0.387354
0.277015
0.176513
0.0859588
0.00599198
-0.0635989
2.79179
2.42292
2.10971
1.84072
1.60682
1.40108
1.21804
1.05347
0.904423
0.76828
0.643451
0.528759
0.42288
0.325001
0.234878
0.152067
0.0765014
0.00870498
-0.0514385
2.09155
1.80928
1.57166
1.36925
1.1945
1.04161
0.906156
0.784731
0.674975
0.574835
0.483057
0.398701
0.32072
0.248455
0.181706
0.120139
0.0637528
0.0130403
-0.0320031
1.31256
1.12459
0.971421
0.843503
0.734374
0.639606
0.556039
0.481355
0.413977
0.352559
0.296277
0.244509
0.196566
0.152007
0.11069
0.0723957
0.0371375
0.00527318
-0.023132
0.502567
0.426
0.365959
0.31655
0.274595
0.23821
0.206166
0.177597
0.151917
0.128622
0.107385
0.0879426
0.0700036
0.0533584
0.0378989
0.0234934
0.0100952
-0.00220547
-0.0133975
-0.502327
-0.425457
-0.365205
-0.315654
-0.27361
-0.237178
-0.20512
-0.176565
-0.150922
-0.127684
-0.106521
-0.0871668
-0.069328
-0.0527934
-0.0374525
-0.0231721
-0.00990303
0.00226821
0.0133331
-1.31233
-1.12411
-0.970754
-0.842715
-0.733511
-0.638706
-0.555132
-0.480467
-0.41313
-0.351771
-0.295563
-0.243882
-0.196038
-0.151588
-0.110387
-0.0722141
-0.037081
-0.00534112
0.0229434
-2.09132
-1.80881
-1.571
-1.36847
-1.19363
-1.04069
-0.905219
-0.783803
-0.674078
-0.573988
-0.482274
-0.397996
-0.3201
-0.247928
-0.181276
-0.119806
-0.0635169
-0.0128962
0.0320619
-2.79162
-2.42258
-2.10924
-1.84016
-1.6062
-1.40043
-1.21738
-1.05283
-0.903817
-0.767723
-0.642955
-0.528335
-0.422535
-0.32474
-0.234704
-0.151978
-0.0764947
-0.00877578
0.0512968
-3.38135
-2.93675
-2.56128
-2.23834
-1.95635
-1.70712
-1.48436
-1.2833
-1.10058
-0.933248
-0.779506
-0.638085
-0.507565
-0.387192
-0.276926
-0.176493
-0.0859998
-0.00607989
0.0634823
-3.87994
-3.385
-2.96132
-2.59272
-2.26752
-1.9777
-1.71694
-1.48046
-1.2648
-1.06679
-0.884446
-0.716306
-0.560736
-0.417029
-0.285675
-0.167302
-0.0636984
0.0225278
0.0902794
-4.13264
-3.69734
-3.30746
-2.95833
-2.64278
-2.35493
-2.0898
-1.84367
-1.61409
-1.39895
-1.19728
-1.00844
-0.831506
-0.66609
-0.512466
-0.369242
-0.234439
-0.102197
0.0385885
-4.04778
-3.62425
-3.22004
-2.84593
-2.50307
-2.18946
-1.90207
-1.63751
-1.39295
-1.16547
-0.952917
-0.752455
-0.560514
-0.371543
-0.17819
0.0346825
0.28069
0.575182
0.922551
-3.91445
-3.5217
-3.11732
-2.71975
-2.33875
-1.97921
-1.64345
-1.33125
-1.0416
-0.771314
-0.516813
-0.271661
-0.027794
0.22574
0.496059
0.790771
1.09542
1.38275
1.60094
-3.67438
-3.36671
-3.03015
-2.68553
-2.34568
-2.0185
-1.70874
-1.41788
-1.14587
-0.889973
-0.647006
-0.410723
-0.174809
0.0662732
0.308411
0.542072
0.735793
0.857991
0.877436
-3.27769
-3.02601
-2.73447
-2.42372
-2.10827
-1.79864
-1.50204
-1.22194
-0.959454
-0.712595
-0.478634
-0.252557
-0.0314071
0.18382
0.381449
0.545558
0.652305
0.692936
0.677325
-2.83708
-2.62811
-2.3791
-2.10485
-1.8192
-1.5341
-1.25857
-0.99787
-0.754291
-0.526894
-0.313987
-0.112623
0.0766929
0.248779
0.390779
0.491019
0.540161
0.545566
0.523562
-2.35539
-2.19735
-1.99234
-1.75589
-1.50235
-1.24514
-0.995086
-0.759227
-0.541096
-0.340856
-0.157896
0.00913213
0.157863
0.282544
0.373877
0.427681
0.445015
0.438166
0.420219
-1.70276
-1.58991
-1.43163
-1.24298
-1.03779
-0.829016
-0.627223
-0.439437
-0.269074
-0.116475
0.0185301
0.136652
0.235246
0.310187
0.356841
0.376646
0.374867
0.362319
0.346715
-1.0653
-0.987591
-0.869784
-0.725008
-0.566749
-0.40747
-0.256987
-0.121686
-0.00411683
0.0959757
0.179117
0.246579
0.29675
0.328038
0.339638
0.335753
0.321936
0.305807
0.291163
-0.354102
-0.297157
-0.212701
-0.112776
-0.0093403
0.0874065
0.170673
0.23684
0.286082
0.320628
0.342354
0.353863
0.354867
0.345762
0.327676
0.305001
0.281543
0.261694
0.246548
0.361268
0.40863
0.467755
0.525396
0.571662
0.599898
0.608053
0.596938
0.570854
0.534961
0.493205
0.449702
0.405225
0.361109
0.318711
0.280968
0.249261
0.225128
0.20757
1.07565
1.19041
1.30217
1.38612
1.42655
1.41632
1.35761
1.25884
1.13325
0.994502
0.854276
0.721846
0.601878
0.497503
0.40999
0.339252
0.282643
0.235338
0.187867
1.60893
1.58633
1.5253
1.42722
1.29917
1.15127
0.994908
0.840442
0.696679
0.569096
0.460404
0.370666
0.297842
0.239286
0.192246
0.153569
0.119343
0.0836492
0.0371123
2.19731
2.24272
2.2347
2.16856
2.0465
1.87756
1.67513
1.45496
1.23281
1.02103
0.829445
0.662979
0.522814
0.40759
0.314328
0.237966
0.172391
0.110033
0.0420088
2.71122
2.74468
2.70608
2.59731
2.42528
2.20337
1.9484
1.67895
1.41245
1.16206
0.93804
0.744878
0.583211
0.450669
0.343152
0.254445
0.178025
0.107207
0.0365418
3.16666
3.17456
3.09837
2.94541
2.72622
2.45765
2.15914
1.85105
1.55152
1.27361
1.02722
0.81598
0.639688
0.495004
0.377008
0.278809
0.1938
0.115743
0.0395575
3.59493
3.56241
3.44061
3.23942
2.97238
2.65969
2.32296
1.98353
1.65931
1.36239
1.10159
0.879197
0.693904
0.54136
0.415937
0.31019
0.217332
0.130974
0.0454416
3.97224
3.88864
3.71678
3.46564
3.15253
2.80099
2.43401
2.07282
1.73398
1.42777
1.16127
0.935042
0.746541
0.590402
0.460379
0.348505
0.247749
0.151406
0.0533164
4.17445
4.05349
3.84036
3.55072
3.20717
2.83542
2.45814
2.09475
1.75929
1.45945
1.20021
0.980399
0.796361
0.641971
0.510632
0.394046
0.285096
0.176931
0.0631913
4.41655
4.24865
3.98105
3.64317
3.26338
2.86887
2.48119
2.11708
1.78737
1.49664
1.24733
1.03625
0.858415
0.706748
0.574181
0.45192
0.332696
0.209481
0.0757504
4.6158
4.37604
4.04738
3.66392
3.25632
2.85066
2.46543
2.11315
1.8005
1.52842
1.2967
1.10008
0.93237
0.785642
0.652478
0.523637
0.391814
0.249908
0.0913288
4.70383
4.3896
4.00591
3.58944
3.17109
2.77307
2.40855
2.08438
1.80242
1.55979
1.35379
1.17734
1.02329
0.883079
0.749177
0.612005
0.464411
0.299362
0.110314
4.68841
4.30502
3.87585
3.44244
3.03269
2.66158
2.33487
2.05288
1.81247
1.60717
1.43226
1.27912
1.13998
1.00588
0.869382
0.72064
0.552841
0.359139
0.133107
4.63888
4.17832
3.7112
3.27608
2.89138
2.56164
2.28389
2.05187
1.85793
1.69248
1.54945
1.41893
1.29284
1.16188
1.01885
0.853623
0.659821
0.430825
0.160274
4.50264
3.96996
3.48951
3.08018
2.74496
2.47595
2.26099
2.08805
1.94591
1.82271
1.71184
1.60258
1.48686
1.35524
1.20093
1.01357
0.787296
0.515748
0.192499
4.04844
3.51487
3.08628
2.76151
2.52474
2.35476
2.23081
2.1369
2.05989
1.98713
1.9127
1.8259
1.71935
1.58404
1.41406
1.19919
0.934381
0.613652
0.230147
3.60797
3.10957
2.76588
2.54957
2.423
2.35399
2.31654
2.29368
2.27236
2.24023
2.19266
2.11926
2.01335
1.86625
1.6728
1.42272
1.11134
0.732355
0.276952
3.07145
2.66475
2.46543
2.39699
2.40159
2.44231
2.49302
2.53895
2.569
2.57231
2.54586
2.48013
2.36919
2.20475
1.98225
1.69107
1.32609
0.879479
0.337884
2.17651
2.0327
2.08233
2.22241
2.39357
2.56506
2.71683
2.8392
2.92473
2.96537
2.95991
2.90083
2.7831
2.59926
2.34525
2.01014
1.58714
1.06493
0.42108
1.30897
1.54433
1.87813
2.22753
2.55395
2.8411
3.07941
3.26496
3.39475
3.46406
3.47273
3.41604
3.28927
3.08553
2.80023
2.42101
1.93612
1.32607
0.549908
0.476652
1.15612
1.7863
2.34113
2.8165
3.21311
3.53364
3.77936
3.95198
4.05092
4.07624
4.02732
3.89926
3.68569
3.38005
2.96686
2.42416
1.71611
0.767455
-0.151556
0.943375
1.83557
2.57029
3.17856
3.67429
4.07177
4.37584
4.59317
4.72817
4.78043
4.75513
4.64686
4.44974
4.15327
3.73603
3.15717
2.35003
1.17749
-0.452501
0.923699
2.00893
2.88751
3.61019
4.19554
4.66718
5.032
5.30212
5.48853
5.59057
5.62164
5.57674
5.45165
5.23028
4.88207
4.3348
3.46723
2.03564
-0.3963
1.07296
2.26982
3.25458
4.07356
4.74036
5.28511
5.7165
6.05334
6.31625
6.50651
6.64998
6.74686
6.80017
6.79034
6.67907
6.35072
5.59776
4.00557
-0.0726641
1.33087
2.57237
3.63245
4.53141
5.2715
5.88723
6.39136
6.81139
7.18382
7.51697
7.85695
8.22486
8.64933
9.12408
9.6302
10.0204
9.98737
8.87325
0.320425
1.60649
2.86795
3.98844
4.95403
5.75752
6.43645
7.01557
7.53064
8.04873
8.59206
9.24171
10.0899
11.2646
12.9124
15.3884
19.2326
25.6066
36.9125
)
;

boundaryField
{
    up
    {
        type            calculated;
        value           nonuniform List<scalar> 
84
(
-36.9125
-8.87325
-4.00558
-2.03564
-1.1775
-0.767456
-0.549907
-0.421078
-0.33788
-0.276948
-0.230144
-0.192498
-0.160274
-0.133108
-0.110316
-0.0913301
-0.0757514
-0.0631918
-0.0533167
-0.0454417
-0.0395576
-0.0365418
-0.0420104
-0.0371799
-0.158498
-0.19161
-0.229355
-0.271156
-0.322376
-0.389471
-0.482027
-0.611591
-0.773108
-1.55823
-0.962984
-0.0390678
-0.0900817
-0.0632973
-0.0512677
-0.0319373
-0.0231068
-0.0133949
0.0133306
0.0229188
0.0319967
0.0511273
0.0631824
0.0898449
0.040064
0.947746
1.56704
0.774358
0.612595
0.482738
0.390003
0.322796
0.27151
0.229684
0.191892
0.159277
0.0371123
0.0420088
0.0365418
0.0395575
0.0454416
0.0533164
0.0631913
0.0757504
0.0913288
0.110314
0.133107
0.160274
0.192499
0.230147
0.276952
0.337884
0.42108
0.549908
0.767455
1.17749
2.03564
4.00557
8.87325
36.9125
)
;
    }
    low
    {
        type            calculated;
        value           nonuniform List<scalar> 
84
(
-0.288469
0.121309
0.474504
0.537099
0.204485
-0.486379
-1.38872
-2.30985
-3.22525
-3.73443
-4.16019
-4.59408
-4.68085
-4.70064
-4.69779
-4.58174
-4.35799
-4.10937
-3.89104
-3.48328
-3.03913
-2.57912
-2.06649
-1.49353
-0.984306
-0.328547
0.316343
0.972018
1.58421
2.23867
2.74377
3.20405
3.62812
3.9034
4.06273
4.17977
3.9594
3.46487
2.86534
2.14959
1.35078
0.518492
-0.51825
-1.35055
-2.14935
-2.86514
-3.46472
-3.95934
-4.1797
-4.06332
-3.90309
-3.62831
-3.20418
-2.74391
-2.23881
-1.58435
-0.972174
-0.316475
0.328244
0.984509
1.49331
2.0666
2.57914
3.03915
3.48328
3.89105
4.10938
4.35799
4.58175
4.69779
4.70065
4.68086
4.59407
4.1602
3.73446
3.22528
2.30988
1.38874
0.486393
-0.204478
-0.537101
-0.474512
-0.121315
0.288471
)
;
    }
    left
    {
        type            calculated;
        value           nonuniform List<scalar> 
19
(
-0.285139
-1.54451
-2.83309
-3.99362
-5.00174
-5.84326
-6.55822
-7.17542
-7.73029
-8.30586
-8.92406
-9.67496
-10.6774
-12.1004
-14.1267
-17.2537
-22.2302
-30.679
-32.0136
)
;
    }
    right
    {
        type            calculated;
        value           nonuniform List<scalar> 
19
(
0.285142
1.54452
2.83309
3.99361
5.00174
5.84326
6.55822
7.17543
7.73029
8.30586
8.92405
9.67495
10.6774
12.1003
14.1266
17.2537
22.2302
30.6791
32.0136
)
;
    }
    frontAndBackPlanes
    {
        type            empty;
    }
}


// ************************************************************************* //
