/*--------------------------------*- C++ -*----------------------------------*\
  =========                 |
  \\      /  F ield         | OpenFOAM: The Open Source CFD Toolbox
   \\    /   O peration     | Website:  https://openfoam.org
    \\  /    A nd           | Version:  7
     \\/     M anipulation  |
\*---------------------------------------------------------------------------*/
FoamFile
{
    version     2.0;
    format      ascii;
    class       volScalarField;
    location    "0.194";
    object      gradTx;
}
// * * * * * * * * * * * * * * * * * * * * * * * * * * * * * * * * * * * * * //

dimensions      [0 -1 0 1 0 0 0];

internalField   nonuniform List<scalar> 
1596
(
-0.248077
-1.24414
-2.22379
-3.09922
-3.86159
-4.50659
-5.06417
-5.55385
-6.00336
-6.46523
-6.95604
-7.53926
-8.28798
-9.30537
-10.7109
-12.7983
-16.0172
-21.3367
-30.7607
0.0554108
-1.03305
-1.99758
-2.82509
-3.5329
-4.12369
-4.62481
-5.0462
-5.40897
-5.74129
-6.04857
-6.36633
-6.7098
-7.10012
-7.52958
-7.98003
-8.32718
-8.31419
-7.39328
0.304811
-0.838078
-1.76983
-2.53904
-3.18301
-3.71302
-4.15288
-4.50924
-4.79642
-5.03009
-5.21027
-5.35655
-5.46767
-5.54427
-5.5681
-5.50505
-5.25685
-4.64885
-3.33471
0.346711
-0.72914
-1.57737
-2.26548
-2.83411
-3.29832
-3.67676
-3.97472
-4.20134
-4.36487
-4.46411
-4.50905
-4.49479
-4.4167
-4.26006
-3.99771
-3.56769
-2.86693
-1.69075
0.110667
-0.75214
-1.45426
-2.03287
-2.5132
-2.90661
-3.22445
-3.47045
-3.64962
-3.76521
-3.81651
-3.80733
-3.73295
-3.58803
-3.36314
-3.03937
-2.58127
-1.93139
-0.97363
-0.381487
-0.925042
-1.42707
-1.86858
-2.2471
-2.56356
-2.82019
-3.01797
-3.15813
-3.24013
-3.26389
-3.22889
-3.13127
-2.96582
-2.72693
-2.40133
-1.96983
-1.40106
-0.630612
-1.03493
-1.2338
-1.50772
-1.79206
-2.05674
-2.28916
-2.48179
-2.63158
-2.73607
-2.79157
-2.79802
-2.75183
-2.64958
-2.48608
-2.25781
-1.95472
-1.56669
-1.07654
-0.448836
-1.71784
-1.6196
-1.67318
-1.79654
-1.94246
-2.08652
-2.21274
-2.31343
-2.38267
-2.41413
-2.40706
-2.35574
-2.2567
-2.10456
-1.89664
-1.62455
-1.28282
-0.861748
-0.341818
-2.42367
-2.11717
-1.97621
-1.93829
-1.95635
-2.00057
-2.04973
-2.09198
-2.11839
-2.1204
-2.09587
-2.03754
-1.94134
-1.80138
-1.61483
-1.37394
-1.07513
-0.712142
-0.273647
-2.84754
-2.4664
-2.21152
-2.05851
-1.97553
-1.93588
-1.91803
-1.90813
-1.89556
-1.87049
-1.82949
-1.7646
-1.67117
-1.54308
-1.37714
-1.1661
-0.907074
-0.59558
-0.22457
-3.19478
-2.78347
-2.46076
-2.22284
-2.05469
-1.93772
-1.85412
-1.79048
-1.73592
-1.68024
-1.61894
-1.54379
-1.44956
-1.32985
-1.18093
-0.995688
-0.771172
-0.503495
-0.187697
-3.55127
-3.13874
-2.7741
-2.46968
-2.22517
-2.03209
-1.87904
-1.75538
-1.65151
-1.55772
-1.46892
-1.37679
-1.27556
-1.15845
-1.02103
-0.856069
-0.660074
-0.429052
-0.158722
-3.65483
-3.29771
-2.94237
-2.6172
-2.33421
-2.09452
-1.89371
-1.72541
-1.58261
-1.45721
-1.34448
-1.23671
-1.12806
-1.01182
-0.883208
-0.735133
-0.563676
-0.364709
-0.134165
-3.68833
-3.39107
-3.06472
-2.74045
-2.43799
-2.16663
-1.92866
-1.72261
-1.54485
-1.38959
-1.25309
-1.12861
-1.01057
-0.892476
-0.769315
-0.634147
-0.482653
-0.310501
-0.113612
-3.69354
-3.45022
-3.1591
-2.8479
-2.53891
-2.24711
-1.98052
-1.74262
-1.53351
-1.35015
-1.1903
-1.04844
-0.919474
-0.797249
-0.676633
-0.550829
-0.415166
-0.265082
-0.096363
-3.61643
-3.43122
-3.18292
-2.89745
-2.59709
-2.29988
-2.01796
-1.75907
-1.52697
-1.32152
-1.14238
-0.985505
-0.846549
-0.719889
-0.60048
-0.481746
-0.358814
-0.226963
-0.081843
-3.45194
-3.32252
-3.1216
-2.87158
-2.59311
-2.30508
-2.02198
-1.75474
-1.51023
-1.29106
-1.09893
-0.931435
-0.785219
-0.655371
-0.53713
-0.424256
-0.311837
-0.195125
-0.0697078
-3.25454
-3.16126
-3.0024
-2.78975
-2.53956
-2.26963
-1.99526
-1.72933
-1.48112
-1.25561
-1.05639
-0.882699
-0.732248
-0.60092
-0.484345
-0.376672
-0.273069
-0.168864
-0.0596981
-3.08926
-3.02485
-2.89798
-2.7153
-2.489
-2.23518
-1.96935
-1.70571
-1.45544
-1.22546
-1.021
-0.842686
-0.689155
-0.556941
-0.441967
-0.338635
-0.242139
-0.147893
-0.0516646
-2.78899
-2.76355
-2.67483
-2.53038
-2.33956
-2.11594
-1.87391
-1.62772
-1.38945
-1.16738
-0.968032
-0.793383
-0.643054
-0.514401
-0.403825
-0.306102
-0.216552
-0.130816
-0.0451105
-2.45134
-2.45665
-2.40252
-2.29467
-2.1403
-1.95051
-1.73805
-1.51639
-1.29774
-1.09105
-0.903618
-0.738446
-0.596005
-0.474444
-0.37068
-0.279837
-0.197211
-0.118431
-0.0402823
-2.09485
-2.1197
-2.09406
-2.01958
-1.90084
-1.74642
-1.56718
-1.37527
-1.18239
-0.997522
-0.82818
-0.677986
-0.548012
-0.437142
-0.342886
-0.260778
-0.185887
-0.113043
-0.0384381
-1.69519
-1.72922
-1.7266
-1.68403
-1.60263
-1.48791
-1.34831
-1.19397
-1.03539
-0.880949
-0.737719
-0.609551
-0.497822
-0.402139
-0.320856
-0.250356
-0.185747
-0.120422
-0.0462782
-1.24035
-1.2227
-1.17819
-1.10762
-1.01592
-0.910085
-0.798119
-0.687279
-0.583783
-0.491424
-0.411922
-0.345105
-0.289285
-0.242448
-0.202582
-0.167278
-0.133198
-0.094687
-0.0421963
-0.828924
-0.918299
-1.00921
-1.0834
-1.12874
-1.13869
-1.11323
-1.0568
-0.977622
-0.884711
-0.786011
-0.688344
-0.595498
-0.510694
-0.435968
-0.372325
-0.318181
-0.269418
-0.216697
-0.279234
-0.318145
-0.367527
-0.417338
-0.460065
-0.490509
-0.506897
-0.509427
-0.500839
-0.484424
-0.462268
-0.436746
-0.407637
-0.375673
-0.342079
-0.310003
-0.281291
-0.258011
-0.239666
0.271574
0.224152
0.15525
0.0740922
-0.0103871
-0.0907066
-0.16203
-0.221785
-0.270069
-0.308262
-0.336946
-0.357061
-0.36704
-0.366179
-0.354889
-0.337162
-0.316789
-0.298307
-0.283127
0.819834
0.755031
0.659847
0.544485
0.419005
0.292391
0.171422
0.060314
-0.0394221
-0.128055
-0.205417
-0.271389
-0.323052
-0.357476
-0.372783
-0.372255
-0.360968
-0.346213
-0.331786
1.31286
1.21963
1.09236
0.942877
0.781554
0.617684
0.458428
0.308206
0.168818
0.0400439
-0.0780933
-0.185281
-0.277764
-0.350137
-0.396654
-0.417554
-0.417297
-0.405883
-0.390644
1.82009
1.69104
1.52715
1.34065
1.14227
0.941644
0.746017
0.559653
0.384203
0.218989
0.0632657
-0.0835702
-0.218258
-0.333943
-0.420404
-0.472235
-0.489589
-0.483487
-0.466143
2.19783
2.02814
1.82909
1.61243
1.38859
1.16611
0.950892
0.74579
0.551388
0.365921
0.187395
0.0133797
-0.154986
-0.311722
-0.443493
-0.537737
-0.584587
-0.590014
-0.569027
2.5467
2.34269
2.10961
1.8638
1.61623
1.37437
1.14276
0.92292
0.714533
0.514946
0.321112
0.128469
-0.0654027
-0.258842
-0.440069
-0.592703
-0.693238
-0.732047
-0.717623
2.86444
2.61548
2.34615
2.07298
1.80559
1.54948
1.30735
1.07928
0.864173
0.658843
0.459876
0.261484
0.0579202
-0.155607
-0.374971
-0.590284
-0.771362
-0.886985
-0.906331
3.06292
2.74621
2.42256
2.10647
1.80506
1.52144
1.25645
1.00902
0.777439
0.558427
0.348468
0.141755
-0.0689468
-0.293466
-0.538401
-0.810508
-1.0964
-1.36984
-1.58128
3.1784
2.83435
2.50823
2.20865
1.93614
1.6886
1.46291
1.25572
1.0641
0.88517
0.716789
0.556295
0.400525
0.24452
0.0814876
-0.102566
-0.320774
-0.588013
-0.90913
3.25835
2.90493
2.591
2.31262
2.06348
1.83827
1.63226
1.44184
1.26445
1.0979
0.941131
0.793452
0.654188
0.523236
0.401129
0.286974
0.179196
0.0723255
-0.0441441
3.07023
2.66768
2.32531
2.02966
1.77068
1.54129
1.33575
1.14975
0.98008
0.823905
0.679551
0.545817
0.421571
0.306509
0.201403
0.107163
0.025708
-0.0404905
-0.0903193
2.68449
2.32091
2.01618
1.75621
1.53093
1.33314
1.15721
0.998887
0.85513
0.723353
0.602047
0.490176
0.386719
0.291222
0.203832
0.124471
0.0533344
-0.00906079
-0.0629084
2.22266
1.91947
1.66433
1.44714
1.25981
1.09617
0.95134
0.821582
0.704238
0.59705
0.498668
0.408125
0.324416
0.246965
0.175658
0.110197
0.0505696
-0.0028121
-0.050056
1.66895
1.43619
1.24211
1.07832
0.938097
0.816311
0.709012
0.613196
0.526766
0.447947
0.375669
0.309152
0.247579
0.190458
0.137669
0.0889774
0.0444095
0.00436108
-0.0311713
1.04903
0.893943
0.768691
0.665034
0.57735
0.50176
0.435486
0.376491
0.323387
0.275013
0.230665
0.189825
0.151948
0.116697
0.0839744
0.0536242
0.0256709
0.000407024
-0.0221095
0.40215
0.33924
0.290297
0.250362
0.216718
0.18773
0.16232
0.13973
0.119444
0.101032
0.0842167
0.0687832
0.0545023
0.0412142
0.0288406
0.0172842
0.00651342
-0.0033959
-0.012431
-0.401957
-0.338807
-0.289701
-0.249656
-0.215944
-0.18692
-0.1615
-0.138921
-0.118664
-0.100297
-0.0835406
-0.0681766
-0.0539752
-0.040775
-0.028496
-0.0170395
-0.00637192
0.00343386
0.0123672
-1.04885
-0.893559
-0.768165
-0.664415
-0.576674
-0.501057
-0.434779
-0.375801
-0.32273
-0.274403
-0.230116
-0.189346
-0.151548
-0.116384
-0.0837547
-0.0535024
-0.0256497
-0.000485713
0.021934
-1.66876
-1.43581
-1.24159
-1.0777
-0.937415
-0.815592
-0.708279
-0.61247
-0.526064
-0.447283
-0.375055
-0.308599
-0.247094
-0.190046
-0.137333
-0.0887183
-0.0442262
-0.00424951
0.0312168
-2.22252
-1.91921
-1.66397
-1.44671
-1.25933
-1.09567
-0.950837
-0.821092
-0.703776
-0.596627
-0.498295
-0.40781
-0.324165
-0.246783
-0.175545
-0.110152
-0.0505908
0.00272999
0.0499188
-2.6844
-2.32073
-2.01593
-1.7559
-1.53058
-1.33277
-1.15683
-0.998515
-0.85478
-0.723036
-0.601775
-0.489956
-0.386556
-0.291121
-0.203792
-0.124487
-0.0533983
0.00896173
0.0627909
-3.07022
-2.66762
-2.3252
-2.0295
-1.77048
-1.54107
-1.33554
-1.14955
-0.979908
-0.823776
-0.679475
-0.545804
-0.421629
-0.306644
-0.201616
-0.107444
-0.0260267
0.0401836
0.090082
-3.25834
-2.90465
-2.59037
-2.31161
-2.0621
-1.83656
-1.63027
-1.43962
-1.26204
-1.09536
-0.938489
-0.790736
-0.651416
-0.520417
-0.398283
-0.284167
-0.176588
-0.0702639
0.0450904
-3.17896
-2.83585
-2.51068
-2.21204
-1.94038
-1.6936
-1.46858
-1.26195
-1.0708
-0.892268
-0.724241
-0.564099
-0.408734
-0.253269
-0.0909965
0.091976
0.308806
0.574577
0.894631
-3.06267
-2.74555
-2.42145
-2.10491
-1.80309
-1.5191
-1.25381
-1.00615
-0.774409
-0.555295
-0.34529
-0.138585
0.0720602
0.29649
0.541366
0.813575
1.09999
1.37466
1.58827
-2.86463
-2.61594
-2.34684
-2.07384
-1.80659
-1.55058
-1.30852
-1.0805
-0.865417
-0.660101
-0.461147
-0.262768
-0.0592096
0.154359
0.373882
0.58957
0.771275
0.887676
0.907583
-2.54682
-2.34297
-2.11004
-1.86435
-1.61687
-1.37508
-1.14351
-0.9237
-0.715331
-0.515751
-0.321914
-0.12925
0.06468
0.258257
0.439746
0.592778
0.693774
0.732959
0.718722
-2.19795
-2.02843
-1.82953
-1.61299
-1.38925
-1.16684
-0.951666
-0.746581
-0.552176
-0.366686
-0.188117
-0.0140272
0.154461
0.311393
0.443436
0.537997
0.58513
0.590731
0.569786
-1.8202
-1.69133
-1.5276
-1.34123
-1.14297
-0.942408
-0.746815
-0.560455
-0.38498
-0.219714
-0.0639117
0.0830366
0.21788
0.333769
0.420464
0.47252
0.490042
0.484028
0.46671
-1.31296
-1.2199
-1.09279
-0.943446
-0.782225
-0.618417
-0.459185
-0.308951
-0.169519
-0.0406719
0.0775649
0.184882
0.277522
0.350076
0.396775
0.417828
0.417674
0.406313
0.391096
-0.81995
-0.755323
-0.660305
-0.545082
-0.419703
-0.293145
-0.172185
-0.0610452
0.0387579
0.127486
0.204967
0.271078
0.322895
0.357475
0.372923
0.372505
0.361288
0.346574
0.332171
-0.271675
-0.22443
-0.155696
-0.0746766
0.00970929
0.0899858
0.161316
0.221122
0.269491
0.307794
0.336603
0.356853
0.36697
0.366235
0.355051
0.337402
0.31708
0.298634
0.283484
0.278995
0.317426
0.366318
0.415691
0.458084
0.48833
0.504662
0.507263
0.498849
0.48268
0.460806
0.435579
0.406753
0.37504
0.341653
0.309743
0.281167
0.258028
0.239885
0.829086
0.918921
1.01039
1.08515
1.13101
1.14135
1.11615
1.05981
0.980597
0.887535
0.788607
0.690673
0.59755
0.512482
0.437525
0.373693
0.319401
0.270526
0.217705
1.24016
1.22206
1.17709
1.10613
1.01414
0.908131
0.796126
0.685354
0.582007
0.48985
0.410575
0.343986
0.288382
0.241738
0.202037
0.166873
0.13291
0.0945035
0.0421213
1.69529
1.72942
1.7269
1.6844
1.60305
1.48834
1.34871
1.19432
1.03568
0.881169
0.737875
0.609652
0.49788
0.402167
0.320865
0.250353
0.185738
0.120413
0.0462752
2.09487
2.11972
2.09408
2.01961
1.90086
1.74644
1.56719
1.37528
1.18238
0.997506
0.828157
0.677959
0.547984
0.437116
0.342864
0.26076
0.185874
0.113036
0.0384372
2.45135
2.45667
2.40254
2.29469
2.14032
1.95053
1.73806
1.51639
1.29773
1.09103
0.903597
0.738423
0.595983
0.474425
0.370665
0.279826
0.197204
0.118428
0.0402816
2.789
2.76356
2.67485
2.53039
2.33957
2.11594
1.87391
1.62771
1.38944
1.16736
0.968014
0.793364
0.643037
0.514387
0.403814
0.306095
0.216548
0.130814
0.0451099
3.08927
3.02487
2.898
2.71532
2.48902
2.23519
1.96935
1.70571
1.45543
1.22545
1.02098
0.842672
0.689143
0.556931
0.441959
0.33863
0.242135
0.147891
0.051664
3.25455
3.16127
3.00241
2.78977
2.53957
2.26964
1.99526
1.72932
1.48111
1.2556
1.05638
0.882688
0.732238
0.600912
0.484339
0.376667
0.273065
0.168862
0.0596973
3.45195
3.32253
3.12161
2.87159
2.59311
2.30508
2.02198
1.75473
1.51022
1.29105
1.09892
0.931425
0.78521
0.655363
0.537123
0.42425
0.311833
0.195121
0.0697068
3.61644
3.43123
3.18294
2.89746
2.5971
2.29989
2.01796
1.75906
1.52697
1.32151
1.14237
0.985497
0.846541
0.719881
0.600472
0.481739
0.358808
0.226959
0.081842
3.69354
3.45022
3.15911
2.8479
2.53891
2.24711
1.98051
1.74261
1.5335
1.35014
1.19029
1.04843
0.919464
0.797239
0.676623
0.550819
0.415159
0.265078
0.096362
3.68834
3.39108
3.06473
2.74046
2.438
2.16663
1.92866
1.7226
1.54484
1.38958
1.25308
1.1286
1.01056
0.892464
0.769303
0.634136
0.482645
0.310496
0.113612
3.65484
3.29772
2.94238
2.61721
2.33421
2.09452
1.89371
1.72541
1.58261
1.45721
1.34447
1.2367
1.12804
1.01181
0.883196
0.735123
0.563668
0.364705
0.134166
3.55126
3.13874
2.77409
2.46967
2.22516
2.03208
1.87903
1.75537
1.6515
1.5577
1.4689
1.37678
1.27555
1.15844
1.02101
0.856058
0.660068
0.42905
0.158723
3.1948
2.78349
2.46077
2.22285
2.05469
1.93772
1.85411
1.79047
1.73591
1.68022
1.61893
1.54378
1.44955
1.32984
1.18092
0.995682
0.77117
0.503497
0.187699
2.84757
2.46642
2.21153
2.05851
1.97553
1.93588
1.91802
1.90812
1.89555
1.87048
1.82948
1.76459
1.67116
1.54307
1.37714
1.1661
0.907078
0.595584
0.224573
2.42369
2.11718
1.97622
1.93829
1.95635
2.00057
2.04972
2.09197
2.11838
2.12039
2.09586
2.03753
1.94133
1.80138
1.61484
1.37395
1.07514
0.712149
0.27365
1.71786
1.61961
1.67319
1.79654
1.94246
2.08652
2.21274
2.31343
2.38266
2.41412
2.40705
2.35573
2.2567
2.10456
1.89665
1.62456
1.28284
0.861755
0.34182
1.03495
1.23381
1.50773
1.79206
2.05674
2.28916
2.48179
2.63157
2.73606
2.79157
2.79802
2.75183
2.64958
2.48608
2.25783
1.95474
1.5667
1.07655
0.448836
0.381497
0.925051
1.42708
1.86859
2.2471
2.56356
2.82019
3.01797
3.15813
3.24013
3.26389
3.2289
3.13128
2.96583
2.72695
2.40135
1.96984
1.40107
0.63061
-0.110661
0.752148
1.45426
2.03287
2.51321
2.90661
3.22445
3.47045
3.64963
3.76521
3.81652
3.80733
3.73296
3.58805
3.36315
3.03938
2.58128
1.93139
0.973626
-0.346711
0.729146
1.57738
2.26548
2.83412
3.29833
3.67676
3.97472
4.20135
4.36488
4.46412
4.50906
4.4948
4.41671
4.26007
3.99772
3.56769
2.86692
1.69075
-0.304813
0.83808
1.76983
2.53904
3.18301
3.71302
4.15288
4.50924
4.79643
5.0301
5.21028
5.35656
5.46768
5.54428
5.5681
5.50504
5.25684
4.64884
3.33471
-0.0554109
1.03305
1.99758
2.82509
3.53289
4.12369
4.62481
5.0462
5.40898
5.7413
6.04858
6.36634
6.7098
7.10011
7.52956
7.98001
8.32716
8.31418
7.39328
0.248079
1.24414
2.22379
3.09922
3.86158
4.50659
5.06417
5.55385
6.00336
6.46524
6.95604
7.53925
8.28797
9.30536
10.7109
12.7983
16.0172
21.3367
30.7607
)
;

boundaryField
{
    up
    {
        type            calculated;
        value           nonuniform List<scalar> 
84
(
-30.7607
-7.39328
-3.33471
-1.69075
-0.97363
-0.630612
-0.448836
-0.341818
-0.273647
-0.22457
-0.187697
-0.158722
-0.134165
-0.113612
-0.096363
-0.081843
-0.0697078
-0.0596981
-0.0516646
-0.0451105
-0.0402823
-0.0384381
-0.0462782
-0.0421963
-0.184368
-0.222553
-0.265263
-0.311442
-0.366473
-0.436366
-0.529754
-0.656511
-0.810164
-1.55437
-0.936605
-0.0457427
-0.0900212
-0.0626882
-0.0499313
-0.0311252
-0.0220931
-0.0124312
0.0123674
0.021918
0.0311712
0.0497951
0.0625719
0.0897848
0.0466651
0.921773
1.56259
0.811294
0.657461
0.530449
0.436899
0.366905
0.311816
0.265618
0.222862
0.185275
0.0421213
0.0462752
0.0384372
0.0402816
0.0451099
0.051664
0.0596973
0.0697068
0.081842
0.096362
0.113612
0.134166
0.158723
0.187699
0.224573
0.27365
0.34182
0.448836
0.63061
0.973626
1.69075
3.33471
7.39328
30.7607
)
;
    }
    low
    {
        type            calculated;
        value           nonuniform List<scalar> 
84
(
-0.223447
0.0927932
0.365097
0.412146
0.151746
-0.389075
-1.09731
-1.82248
-2.54463
-2.947
-3.28225
-3.62198
-3.68568
-3.69483
-3.68481
-3.58509
-3.4011
-3.19855
-3.02081
-2.69738
-2.34818
-1.98904
-1.5914
-1.1491
-0.757457
-0.253411
0.242166
0.746854
1.21956
1.72736
2.12259
2.48625
2.82514
3.05079
3.18772
3.29285
3.13099
2.74917
2.28018
1.71463
1.07924
0.414773
-0.414579
-1.07906
-1.71444
-2.28003
-2.74905
-3.13095
-3.2928
-3.18819
-3.05055
-2.82529
-2.48635
-2.12271
-1.72747
-1.21967
-0.746976
-0.242268
0.253178
0.757616
1.14893
1.59149
1.98906
2.34819
2.69739
3.02082
3.19856
3.4011
3.5851
3.68481
3.69484
3.68569
3.62197
3.28227
2.94702
2.54465
1.8225
1.09732
0.389087
-0.15174
-0.412147
-0.365103
-0.0927971
0.223448
)
;
    }
    left
    {
        type            calculated;
        value           nonuniform List<scalar> 
19
(
-0.220475
-1.19528
-2.19542
-3.10161
-3.89715
-4.57245
-5.15957
-5.68128
-6.1651
-6.67642
-7.23148
-7.90118
-8.78022
-10.0057
-11.727
-14.3567
-18.5183
-25.5656
-26.6789
)
;
    }
    right
    {
        type            calculated;
        value           nonuniform List<scalar> 
19
(
0.220478
1.19528
2.19542
3.10161
3.89715
4.57245
5.15957
5.68128
6.1651
6.67642
7.23148
7.90117
8.78021
10.0057
11.727
14.3567
18.5183
25.5656
26.6789
)
;
    }
    frontAndBackPlanes
    {
        type            empty;
    }
}


// ************************************************************************* //
