/*--------------------------------*- C++ -*----------------------------------*\
  =========                 |
  \\      /  F ield         | OpenFOAM: The Open Source CFD Toolbox
   \\    /   O peration     | Website:  https://openfoam.org
    \\  /    A nd           | Version:  7
     \\/     M anipulation  |
\*---------------------------------------------------------------------------*/
FoamFile
{
    version     2.0;
    format      ascii;
    class       volScalarField;
    location    "0.176";
    object      gradTx;
}
// * * * * * * * * * * * * * * * * * * * * * * * * * * * * * * * * * * * * * //

dimensions      [0 -1 0 1 0 0 0];

internalField   nonuniform List<scalar> 
1596
(
-0.317914
-1.59396
-2.84594
-3.95872
-4.91873
-5.71898
-6.39684
-6.97689
-7.49463
-8.01669
-8.56503
-9.22019
-10.0739
-11.2537
-12.9058
-15.385
-19.2313
-25.6063
-36.9126
0.0719671
-1.32085
-2.55309
-3.60579
-4.49931
-5.23599
-5.85014
-6.35446
-6.77616
-7.15147
-7.4885
-7.833
-8.20574
-8.63504
-9.11426
-9.62419
-10.0173
-9.98622
-8.8731
0.392893
-1.06565
-2.25389
-3.23189
-4.04581
-4.70926
-5.25218
-5.68316
-6.02085
-6.28565
-6.47871
-6.62565
-6.72648
-6.78398
-6.77835
-6.67099
-6.34601
-5.59564
-4.00514
0.448423
-0.918522
-1.99643
-2.86927
-3.58758
-4.16987
-4.63962
-5.00367
-5.27398
-5.46143
-5.56527
-5.59877
-5.55683
-5.4351
-5.21733
-4.87273
-4.32888
-3.46425
-2.03489
0.149401
-0.939164
-1.82604
-2.55643
-3.16129
-3.65449
-4.05026
-4.35339
-4.57046
-4.70583
-4.75904
-4.7352
-4.62889
-4.43419
-4.14052
-3.72634
-3.15063
-2.34647
-1.17648
-0.474718
-1.15141
-1.77872
-2.33094
-2.80411
-3.19896
-3.51818
-3.76302
-3.93516
-4.03401
-4.05961
-4.01133
-3.88433
-3.67225
-3.36853
-2.95768
-2.41762
-1.71231
-0.766278
-1.30182
-1.53775
-1.87117
-2.21983
-2.54542
-2.83178
-3.06939
-3.25436
-3.38368
-3.45268
-3.46118
-3.40452
-3.27805
-3.07497
-2.79074
-2.41305
-1.93014
-1.32238
-0.548679
-2.16419
-2.02339
-2.0748
-2.21591
-2.38765
-2.55941
-2.71125
-2.83351
-2.91881
-2.95912
-2.95329
-2.89384
-2.77586
-2.59199
-2.33828
-2.00392
-1.58217
-1.06167
-0.419912
-3.054
-2.65167
-2.45579
-2.39002
-2.39663
-2.43883
-2.49053
-2.53706
-2.56734
-2.57056
-2.54374
-2.47748
-2.36593
-2.20096
-1.97812
-1.68697
-1.32251
-0.876928
-0.336886
-3.58755
-3.0937
-2.75426
-2.54167
-2.41818
-2.35164
-2.31603
-2.29444
-2.27385
-2.24197
-2.1942
-2.12026
-2.01358
-1.86563
-1.6714
-1.42078
-1.10926
-0.73065
-0.276196
-4.0255
-3.49633
-3.07233
-2.75196
-2.51914
-2.3525
-2.23122
-2.13929
-2.06358
-1.99148
-1.91714
-1.82994
-1.72261
-1.58629
-1.41522
-1.19937
-0.933863
-0.612883
-0.229688
-4.47691
-3.94833
-3.47262
-3.06819
-2.73763
-2.47278
-2.2613
-2.09109
-1.95088
-1.82885
-1.71843
-1.60901
-1.49261
-1.35994
-1.20436
-1.0157
-0.788287
-0.515932
-0.192365
-4.61183
-4.15476
-3.69212
-3.26198
-2.88229
-2.55722
-2.28353
-2.05482
-1.86336
-1.69953
-1.55732
-1.4269
-1.3003
-1.16835
-1.024
-0.857311
-0.662068
-0.431842
-0.160444
-4.66034
-4.27985
-3.85482
-3.42631
-3.02174
-2.65565
-2.33348
-2.05528
-1.81781
-1.61454
-1.44081
-1.28803
-1.14857
-1.0136
-0.875804
-0.725517
-0.556088
-0.36085
-0.133545
-4.67474
-4.36293
-3.98303
-3.57132
-3.15824
-2.76549
-2.40587
-2.08591
-1.80729
-1.56706
-1.36255
-1.1867
-1.03252
-0.891556
-0.756429
-0.617702
-0.468384
-0.3016
-0.110968
-4.58616
-4.34832
-4.02306
-3.64414
-3.24177
-2.84151
-2.46142
-2.11366
-1.80467
-1.53528
-1.30529
-1.1095
-0.941816
-0.794461
-0.660157
-0.529799
-0.39623
-0.252491
-0.0921341
-4.38706
-4.22055
-3.95589
-3.62223
-3.24752
-2.8584
-2.47598
-2.11657
-1.79075
-1.50292
-1.25554
-1.04544
-0.867768
-0.715585
-0.581966
-0.458253
-0.337311
-0.212243
-0.0766456
-4.14545
-4.02549
-3.81489
-3.52911
-3.19038
-2.82394
-2.45193
-2.09334
-1.76189
-1.46511
-1.20792
-0.98921
-0.805439
-0.650622
-0.518314
-0.400347
-0.289735
-0.179745
-0.0641247
-3.94359
-3.8607
-3.69105
-3.44351
-3.13505
-2.78873
-2.42703
-2.07069
-1.73596
-1.43291
-1.16854
-0.943489
-0.755317
-0.598812
-0.46788
-0.354687
-0.252324
-0.154201
-0.0542547
-3.56806
-3.53576
-3.41571
-3.21768
-2.95492
-2.64719
-2.31555
-1.98091
-1.66077
-1.36702
-1.10839
-0.887216
-0.702305
-0.549454
-0.423191
-0.316194
-0.221794
-0.133707
-0.0463615
-3.14223
-3.14997
-3.07507
-2.9248
-2.70944
-2.44545
-2.15175
-1.84824
-1.55268
-1.27787
-1.03364
-0.823629
-0.647756
-0.502826
-0.384063
-0.284694
-0.198207
-0.118456
-0.0404662
-2.68975
-2.72281
-2.68512
-2.57857
-2.40989
-2.19209
-1.94153
-1.67634
-1.41359
-1.16616
-0.944219
-0.752271
-0.591053
-0.45833
-0.350142
-0.260371
-0.182559
-0.110063
-0.0375065
-2.17945
-2.22423
-2.21668
-2.15219
-2.03286
-1.86743
-1.66888
-1.45256
-1.23387
-1.02489
-0.835325
-0.670095
-0.53046
-0.415179
-0.321401
-0.244155
-0.177359
-0.113408
-0.0433292
-1.59601
-1.57407
-1.51441
-1.41827
-1.29253
-1.1471
-0.993146
-0.840872
-0.698969
-0.572858
-0.465226
-0.376147
-0.303617
-0.245035
-0.1977
-0.158493
-0.123491
-0.0866821
-0.0384717
-1.06663
-1.18005
-1.29093
-1.37488
-1.41638
-1.40824
-1.35239
-1.25691
-1.13462
-0.99885
-0.861034
-0.730317
-0.611355
-0.50736
-0.419729
-0.348518
-0.291163
-0.242844
-0.193937
-0.358687
-0.406523
-0.466217
-0.524571
-0.571725
-0.601031
-0.610417
-0.600647
-0.575946
-0.541383
-0.500797
-0.45821
-0.414321
-0.370449
-0.327983
-0.28995
-0.257808
-0.233162
-0.215002
0.350905
0.293757
0.209315
0.109541
0.00627437
-0.0904141
-0.173843
-0.240459
-0.29044
-0.325967
-0.3488
-0.361398
-0.363319
-0.354846
-0.337058
-0.314402
-0.290761
-0.270627
-0.255144
1.05627
0.978351
0.860768
0.716581
0.559131
0.400695
0.250899
0.115971
-0.00162801
-0.10217
-0.186109
-0.25457
-0.305746
-0.337857
-0.349967
-0.346268
-0.332381
-0.316036
-0.301095
1.68876
1.57581
1.41799
1.23027
1.02634
0.81895
0.618438
0.43163
0.261793
0.109195
-0.026313
-0.145323
-0.244989
-0.320942
-0.368329
-0.388498
-0.386745
-0.374012
-0.358106
2.33661
2.17871
1.97447
1.73933
1.48749
1.23215
0.983884
0.74951
0.532379
0.332543
0.149363
-0.0184348
-0.168304
-0.294223
-0.386592
-0.441025
-0.458536
-0.451537
-0.43326
2.81523
2.60665
2.35862
2.08588
1.80212
1.51907
1.24555
0.98658
0.744274
0.517558
0.304669
0.102674
-0.0878012
-0.261338
-0.404736
-0.505992
-0.555578
-0.560914
-0.538529
3.25349
3.00237
2.71203
2.40297
2.08955
1.78212
1.48767
1.20946
0.948451
0.702506
0.468801
0.242282
0.0200297
-0.196808
-0.396245
-0.561949
-0.669686
-0.710558
-0.694575
3.64846
3.34148
3.00619
2.66331
2.32551
2.00053
1.69295
1.40405
1.13367
0.878895
0.636465
0.400053
0.163299
-0.0793114
-0.323495
-0.559375
-0.754943
-0.878103
-0.897365
3.88884
3.49797
3.09591
2.70092
2.32259
1.96564
1.63224
1.32204
1.0339
0.764576
0.510418
0.264947
0.0200466
-0.235292
-0.508196
-0.806187
-1.11438
-1.40479
-1.62457
4.02186
3.59848
3.19468
2.82124
2.4793
2.16681
1.88068
1.61743
1.37413
1.14777
0.936136
0.736289
0.544584
0.35535
0.161079
-0.0536291
-0.30257
-0.601139
-0.953379
4.10856
3.67485
3.28688
2.93991
2.62668
2.34121
2.07843
1.83454
1.60701
1.39369
1.19356
1.006
0.830097
0.665511
0.512549
0.369815
0.235256
0.10277
-0.0391126
3.85876
3.36524
2.94311
2.57617
2.25269
1.96457
1.70543
1.47045
1.25612
1.05925
0.877842
0.710448
0.555464
0.412224
0.281275
0.163309
0.0601905
-0.02541
-0.0923598
3.36411
2.92059
2.54636
2.22477
1.94419
1.69636
1.47495
1.27514
1.09354
0.927181
0.774272
0.633546
0.503607
0.383732
0.273909
0.173892
0.0838101
0.00430543
-0.0648325
2.77826
2.41001
2.09765
1.82964
1.59681
1.39215
1.21017
1.0466
0.898472
0.763151
0.639047
0.524984
0.419652
0.322255
0.232565
0.150148
0.0749488
0.00749126
-0.05234
2.08189
1.80001
1.56296
1.36125
1.18726
1.03515
0.900458
0.77976
0.670675
0.57114
0.479899
0.396014
0.318445
0.246545
0.18012
0.118845
0.0627262
0.0122558
-0.0325689
1.3067
1.11899
0.966168
0.838672
0.73
0.635702
0.552595
0.478349
0.411375
0.350323
0.294367
0.242884
0.195192
0.150854
0.109732
0.0716128
0.0365123
0.00478906
-0.0234903
0.500385
0.423952
0.364068
0.314834
0.273063
0.236862
0.204994
0.176588
0.151056
0.127891
0.106766
0.0874194
0.0695607
0.0529833
0.0375809
0.0232243
0.00986798
-0.00239721
-0.0135594
-0.500145
-0.423411
-0.363319
-0.313944
-0.272084
-0.235836
-0.203954
-0.175562
-0.150067
-0.126959
-0.105908
-0.0866483
-0.0688892
-0.0524219
-0.0371377
-0.0229056
-0.00967798
0.00245824
0.0134938
-1.30647
-1.1185
-0.965505
-0.837888
-0.729143
-0.634807
-0.551694
-0.477467
-0.410534
-0.349541
-0.293658
-0.242263
-0.194668
-0.150439
-0.109433
-0.0714347
-0.0364589
-0.00485971
0.0232994
-2.08166
-1.79954
-1.56231
-1.36047
-1.18639
-1.03424
-0.899527
-0.778838
-0.669783
-0.570298
-0.479121
-0.395312
-0.317829
-0.246021
-0.179692
-0.118514
-0.0624917
-0.0121126
0.0326273
-2.77808
-2.40967
-2.09718
-1.82908
-1.59619
-1.39151
-1.20952
-1.04597
-0.897871
-0.762599
-0.638556
-0.524564
-0.419311
-0.321998
-0.232394
-0.150062
-0.0749453
-0.00756484
0.052196
-3.36399
-2.92036
-2.54603
-2.22437
-1.94373
-1.69587
-1.47445
-1.27465
-1.09308
-0.926762
-0.773907
-0.633244
-0.503375
-0.383573
-0.273824
-0.173876
-0.0838546
-0.00439639
0.0647134
-3.85874
-3.36516
-2.94295
-2.57595
-2.25242
-1.96428
-1.70514
-1.47018
-1.25589
-1.05906
-0.877717
-0.710395
-0.555492
-0.412338
-0.281475
-0.163584
-0.0605102
0.0250985
0.0921168
-4.10854
-3.67447
-3.28606
-2.93863
-2.62496
-2.3391
-2.07599
-1.83184
-1.60412
-1.39067
-1.19047
-1.00287
-0.826944
-0.662345
-0.509388
-0.366726
-0.232408
-0.100527
0.0401455
-4.02255
-3.60034
-3.19773
-2.82544
-2.48453
-2.17296
-1.88759
-1.62495
-1.38213
-1.15615
-0.944821
-0.745259
-0.553886
-0.365121
-0.171547
0.0421272
0.289731
0.586887
0.938178
-3.88853
-3.49713
-3.0945
-2.69896
-2.32014
-1.96278
-1.62905
-1.31861
-1.03033
-0.760922
-0.506753
-0.261328
-0.016524
0.23869
0.511509
0.809597
1.11834
1.41007
1.63217
-3.64869
-3.34204
-3.00703
-2.66438
-2.32675
-2.0019
-1.6944
-1.40556
-1.13519
-0.880417
-0.637978
-0.401552
-0.164771
0.0779161
0.322301
0.558609
0.75487
0.878876
0.898756
-3.25363
-3.00273
-2.71256
-2.40365
-2.09035
-1.78301
-1.48862
-1.21044
-0.949444
-0.703493
-0.469765
-0.243202
-0.0208617
0.196147
0.395883
0.562027
0.670268
0.711547
0.69576
-2.81538
-2.60701
-2.35918
-2.0866
-1.80296
-1.52
-1.24653
-0.987574
-0.745254
-0.518496
-0.305539
-0.103442
0.0871873
0.26095
0.404651
0.506256
0.556151
0.561675
0.539331
-2.33675
-2.17908
-1.97504
-1.74008
-1.48837
-1.23312
-0.984894
-0.750517
-0.533344
-0.333431
-0.150143
0.0177976
0.167852
0.294001
0.386629
0.441308
0.459003
0.452099
0.433847
-1.68889
-1.57616
-1.41854
-1.23099
-1.02719
-0.819884
-0.619397
-0.432565
-0.262662
-0.109963
0.0256736
0.144841
0.24469
0.320846
0.368433
0.388768
0.387126
0.374448
0.358562
-1.05642
-0.978723
-0.861355
-0.717347
-0.560023
-0.401653
-0.251861
-0.116882
0.000811194
0.101481
0.185569
0.254196
0.305548
0.337833
0.350095
0.346513
0.3327
0.316395
0.301475
-0.351034
-0.294115
-0.20989
-0.110292
-0.00714051
0.0895008
0.172949
0.239641
0.289739
0.325408
0.348395
0.361152
0.363226
0.354891
0.337215
0.314638
0.291048
0.270947
0.25549
0.358379
0.405601
0.464674
0.522489
0.569254
0.598356
0.607725
0.598099
0.573659
0.53943
0.499205
0.456975
0.413414
0.369822
0.327579
0.289718
0.257709
0.233192
0.215213
1.06684
1.18084
1.29241
1.37705
1.41916
1.41145
1.35584
1.2604
1.13799
1.00197
0.863829
0.732756
0.613442
0.509128
0.421227
0.349801
0.292286
0.243848
0.194842
1.59577
1.57325
1.51301
1.41637
1.2903
1.14469
0.990727
0.838577
0.696892
0.571054
0.463713
0.374917
0.302645
0.244288
0.19714
0.158086
0.123209
0.0865066
0.0384019
2.17957
2.22448
2.21705
2.15265
2.03337
1.86794
1.66936
1.45297
1.23419
1.02512
0.835483
0.670191
0.53051
0.415199
0.321403
0.244148
0.177349
0.1134
0.0433274
2.68976
2.72283
2.68515
2.5786
2.40991
2.19211
1.94154
1.67634
1.41357
1.16613
0.944185
0.752235
0.591018
0.4583
0.350117
0.260353
0.182547
0.110057
0.0375065
3.14224
3.14999
3.07509
2.92482
2.70946
2.44546
2.15175
1.84823
1.55266
1.27785
1.03361
0.823601
0.647731
0.502806
0.384048
0.284684
0.198201
0.118454
0.040466
3.56807
3.53578
3.41573
3.21769
2.95493
2.64719
2.31555
1.98089
1.66075
1.367
1.10837
0.887195
0.702287
0.549441
0.423182
0.316189
0.221791
0.133706
0.0463613
3.9436
3.86072
3.69107
3.44353
3.13507
2.78874
2.42702
2.07068
1.73595
1.43289
1.16852
0.943474
0.755306
0.598804
0.467876
0.354685
0.252323
0.154201
0.0542544
4.14546
4.0255
3.8149
3.52912
3.1904
2.82394
2.45193
2.09333
1.76187
1.4651
1.20791
0.989199
0.805431
0.650617
0.518311
0.400345
0.289733
0.179744
0.0641241
4.38706
4.22056
3.95591
3.62224
3.24752
2.8584
2.47597
2.11656
1.79073
1.50291
1.25553
1.04543
0.867762
0.71558
0.581962
0.458249
0.337308
0.21224
0.0766446
4.58617
4.34834
4.02308
3.64415
3.24178
2.84152
2.46142
2.11366
1.80466
1.53527
1.30528
1.10949
0.94181
0.794455
0.660151
0.529792
0.396223
0.252486
0.0921328
4.67474
4.36294
3.98304
3.57133
3.15825
2.76549
2.40586
2.08591
1.80728
1.56705
1.36254
1.1867
1.03251
0.891546
0.756419
0.617692
0.468374
0.301594
0.110966
4.66035
4.27987
3.85483
3.42632
3.02175
2.65565
2.33347
2.05527
1.81781
1.61454
1.4408
1.28802
1.14856
1.01358
0.875789
0.725503
0.556076
0.360843
0.133544
4.61184
4.15478
3.69214
3.26199
2.8823
2.55722
2.28353
2.05482
1.86336
1.69953
1.55731
1.42689
1.30028
1.16834
1.02398
0.857295
0.662056
0.431836
0.160443
4.47689
3.94832
3.47261
3.06818
2.73761
2.47276
2.26129
2.09108
1.95086
1.82883
1.71842
1.60899
1.49258
1.35992
1.20434
1.01568
0.788276
0.515927
0.192366
4.02552
3.49635
3.07234
2.75197
2.51914
2.3525
2.23122
2.13928
2.06357
1.99147
1.91712
1.82992
1.72259
1.58627
1.4152
1.19935
0.933857
0.612883
0.22969
3.58758
3.09372
2.75428
2.54167
2.41818
2.35163
2.31602
2.29443
2.27384
2.24195
2.19419
2.12024
2.01356
1.86561
1.67139
1.42078
1.10926
0.730655
0.2762
3.05403
2.65168
2.4558
2.39002
2.39663
2.43882
2.49053
2.53705
2.56732
2.57054
2.54373
2.47746
2.36592
2.20095
1.97812
1.68698
1.32252
0.876937
0.33689
2.16421
2.0234
2.07481
2.21591
2.38765
2.55941
2.71124
2.8335
2.91879
2.95911
2.95327
2.89383
2.77585
2.59199
2.33829
2.00393
1.58218
1.06168
0.419915
1.30184
1.53776
1.87118
2.21984
2.54542
2.83178
3.06939
3.25436
3.38367
3.45267
3.46117
3.40452
3.27805
3.07498
2.79076
2.41307
1.93015
1.32239
0.54868
0.474731
1.15142
1.77873
2.33095
2.80411
3.19896
3.51818
3.76302
3.93516
4.03401
4.0596
4.01133
3.88434
3.67227
3.36855
2.9577
2.41763
1.71232
0.766277
-0.149393
0.939175
1.82605
2.55644
3.1613
3.6545
4.05026
4.35339
4.57045
4.70583
4.75904
4.73521
4.62891
4.43421
4.14054
3.72636
3.15065
2.34647
1.17648
-0.448422
0.91853
1.99644
2.86928
3.58758
4.16987
4.63962
5.00367
5.27398
5.46143
5.56528
5.59879
5.55685
5.43511
5.21734
4.87274
4.32888
3.46424
2.03489
-0.392896
1.06565
2.25389
3.23189
4.04581
4.70926
5.25217
5.68316
6.02086
6.28566
6.47873
6.62566
6.72649
6.784
6.77836
6.67099
6.346
5.59563
4.00513
-0.0719671
1.32084
2.55309
3.60579
4.4993
5.23599
5.85015
6.35446
6.77617
7.15148
7.48851
7.83301
8.20575
8.63504
9.11425
9.62417
10.0173
9.98621
8.8731
0.317917
1.59396
2.84594
3.95871
4.91872
5.71898
6.39684
6.97689
7.49464
8.0167
8.56503
9.22019
10.0739
11.2537
12.9058
15.385
19.2313
25.6063
36.9126
)
;

boundaryField
{
    up
    {
        type            calculated;
        value           nonuniform List<scalar> 
84
(
-36.9126
-8.8731
-4.00514
-2.03489
-1.17648
-0.766278
-0.548679
-0.419912
-0.336886
-0.276196
-0.229688
-0.192365
-0.160444
-0.133545
-0.110968
-0.0921341
-0.0766456
-0.0641247
-0.0542547
-0.0463615
-0.0404662
-0.0375065
-0.0433292
-0.0384717
-0.164451
-0.198775
-0.237826
-0.280969
-0.333681
-0.4025
-0.4971
-0.629071
-0.79308
-1.5896
-0.979619
-0.0406552
-0.0919315
-0.0645346
-0.0521714
-0.0325042
-0.0234657
-0.0135571
0.0134915
0.0232753
0.0325632
0.0520286
0.0644172
0.0916899
0.0416632
0.964117
1.59853
0.794342
0.630089
0.497825
0.403043
0.334111
0.281333
0.238165
0.199066
0.16526
0.0384019
0.0433274
0.0375065
0.040466
0.0463613
0.0542544
0.0641241
0.0766446
0.0921328
0.110966
0.133544
0.160443
0.192366
0.22969
0.2762
0.33689
0.419915
0.54868
0.766277
1.17648
2.03489
4.00513
8.8731
36.9126
)
;
    }
    low
    {
        type            calculated;
        value           nonuniform List<scalar> 
84
(
-0.286226
0.120195
0.470455
0.532354
0.201927
-0.484389
-1.38106
-2.29672
-3.2069
-3.71328
-4.13654
-4.56763
-4.65327
-4.67208
-4.6682
-4.5517
-4.3282
-4.08011
-3.86226
-3.45656
-3.01508
-2.55818
-2.04939
-1.48101
-0.976073
-0.325875
0.313527
0.963735
1.57103
2.22059
2.72236
3.18008
3.6023
3.87712
4.03701
4.15504
3.93749
3.44688
2.85131
2.13958
1.34471
0.516224
-0.515983
-1.34447
-2.13933
-2.85111
-3.44673
-3.93744
-4.15498
-4.0376
-3.87682
-3.60248
-3.1802
-2.7225
-2.22073
-1.57117
-0.96389
-0.313658
0.325575
0.976275
1.48079
2.0495
2.5582
3.01509
3.45656
3.86227
4.08012
4.3282
4.55171
4.6682
4.67209
4.65328
4.56762
4.13656
3.71331
3.20693
2.29675
1.38108
0.484404
-0.201919
-0.532356
-0.470463
-0.1202
0.286227
)
;
    }
    left
    {
        type            calculated;
        value           nonuniform List<scalar> 
19
(
-0.282866
-1.53234
-2.81115
-3.96361
-4.96585
-5.80395
-6.51778
-7.13596
-7.69365
-8.27339
-8.89684
-9.65353
-10.6617
-12.09
-14.1206
-17.2508
-22.2293
-30.679
-32.0137
)
;
    }
    right
    {
        type            calculated;
        value           nonuniform List<scalar> 
19
(
0.282869
1.53234
2.81115
3.96361
4.96585
5.80395
6.51778
7.13596
7.69366
8.27339
8.89684
9.65352
10.6617
12.0899
14.1206
17.2508
22.2293
30.679
32.0137
)
;
    }
    frontAndBackPlanes
    {
        type            empty;
    }
}


// ************************************************************************* //
