/*--------------------------------*- C++ -*----------------------------------*\
  =========                 |
  \\      /  F ield         | OpenFOAM: The Open Source CFD Toolbox
   \\    /   O peration     | Website:  https://openfoam.org
    \\  /    A nd           | Version:  7
     \\/     M anipulation  |
\*---------------------------------------------------------------------------*/
FoamFile
{
    version     2.0;
    format      ascii;
    class       volScalarField;
    location    "0.119";
    object      gradTx;
}
// * * * * * * * * * * * * * * * * * * * * * * * * * * * * * * * * * * * * * //

dimensions      [0 -1 0 1 0 0 0];

internalField   nonuniform List<scalar> 
1596
(
-0.351712
-1.76249
-3.13276
-4.32321
-5.31004
-6.08133
-6.67714
-7.12546
-7.46677
-7.77148
-8.06483
-8.42961
-8.95654
-9.76666
-10.9943
-12.9463
-16.0763
-21.3496
-30.7593
0.0865508
-1.44144
-2.78432
-3.91091
-4.83617
-5.55955
-6.11817
-6.52819
-6.82211
-7.0407
-7.19673
-7.33927
-7.49358
-7.69329
-7.9427
-8.23693
-8.46129
-8.36514
-7.40001
0.450483
-1.12308
-2.40139
-3.43985
-4.28212
-4.94052
-5.44752
-5.81501
-6.06644
-6.22642
-6.30043
-6.31702
-6.28003
-6.19742
-6.059
-5.8413
-5.45645
-4.74061
-3.35402
0.522936
-0.912967
-2.04651
-2.95696
-3.69242
-4.27053
-4.71651
-5.03992
-5.25664
-5.38091
-5.41537
-5.37519
-5.25714
-5.05959
-4.7718
-4.37328
-3.81054
-2.99192
-1.72296
0.212025
-0.884196
-1.78315
-2.52134
-3.12567
-3.60863
-3.98519
-4.26199
-4.44847
-4.55138
-4.57261
-4.51817
-4.3827
-4.16044
-3.84241
-3.41207
-2.83918
-2.07558
-1.0158
-0.440405
-1.06816
-1.66344
-2.19074
-2.64139
-3.01417
-3.31173
-3.53624
-3.69126
-3.77771
-3.79703
-3.74882
-3.62702
-3.42365
-3.13078
-2.73363
-2.21454
-1.5479
-0.677869
-1.29565
-1.44689
-1.71241
-2.00547
-2.28515
-2.53374
-2.74165
-2.9052
-3.02247
-3.08966
-3.10717
-3.0702
-2.97222
-2.80384
-2.55732
-2.2181
-1.77421
-1.21014
-0.495683
-2.17565
-1.93884
-1.90022
-1.96167
-2.06617
-2.1834
-2.29424
-2.38901
-2.46101
-2.50265
-2.51262
-2.48327
-2.40753
-2.27519
-2.07825
-1.80194
-1.43624
-0.969393
-0.383246
-3.07477
-2.58335
-2.28838
-2.1262
-2.04704
-2.01773
-2.01491
-2.02439
-2.03566
-2.03812
-2.02796
-1.99551
-1.93276
-1.82884
-1.67513
-1.45663
-1.16337
-0.784132
-0.305325
-3.6091
-3.04157
-2.60567
-2.29034
-2.07013
-1.91981
-1.81832
-1.75028
-1.70358
-1.66611
-1.63202
-1.59074
-1.53358
-1.44966
-1.33008
-1.16037
-0.930426
-0.629042
-0.24426
-4.05103
-3.46324
-2.94968
-2.52556
-2.18943
-1.92984
-1.73303
-1.58599
-1.47702
-1.39377
-1.32876
-1.2709
-1.21084
-1.1377
-1.04232
-0.911004
-0.733491
-0.498436
-0.194297
-4.51407
-3.93821
-3.37986
-2.87251
-2.43427
-2.06916
-1.77397
-1.54113
-1.36147
-1.2235
-1.11862
-1.03529
-0.963233
-0.891271
-0.809865
-0.705994
-0.569363
-0.388658
-0.152419
-4.66812
-4.1724
-3.63424
-3.10447
-2.61616
-2.1869
-1.82402
-1.52712
-1.29129
-1.10745
-0.96731
-0.859632
-0.773809
-0.69873
-0.624757
-0.539832
-0.434058
-0.296747
-0.117007
-4.7434
-4.32959
-3.83384
-3.30812
-2.79424
-2.32098
-1.90539
-1.55483
-1.26953
-1.04362
-0.869937
-0.737829
-0.636558
-0.555022
-0.483455
-0.410595
-0.327015
-0.222849
-0.0880777
-4.79139
-4.4491
-4.00078
-3.4924
-2.96829
-2.46512
-2.00818
-1.61245
-1.28366
-1.01952
-0.814602
-0.658969
-0.541848
-0.452039
-0.379554
-0.313651
-0.245316
-0.165503
-0.065198
-4.73978
-4.47435
-4.08219
-3.60624
-3.09046
-2.57614
-2.09477
-1.66798
-1.30687
-1.01294
-0.782883
-0.607793
-0.477087
-0.379534
-0.304958
-0.242977
-0.184926
-0.122521
-0.0477526
-4.57622
-4.38639
-4.05717
-3.62648
-3.13611
-2.62931
-2.14158
-1.69984
-1.31992
-1.00698
-0.760058
-0.571504
-0.4312
-0.328048
-0.251812
-0.192393
-0.141443
-0.0913264
-0.0349442
-4.36656
-4.22771
-3.95563
-3.57357
-3.11754
-2.63014
-2.14902
-1.70485
-1.31732
-0.99481
-0.738613
-0.542387
-0.396614
-0.290441
-0.213667
-0.156435
-0.110667
-0.0692541
-0.0258435
-4.19478
-4.09634
-3.86693
-3.5226
-3.09424
-2.62314
-2.14838
-1.70342
-1.31106
-0.982245
-0.720027
-0.519052
-0.370168
-0.262614
-0.186122
-0.13093
-0.0891109
-0.0539164
-0.0195409
-3.83325
-3.79332
-3.62012
-3.32958
-2.9485
-2.51522
-2.06838
-1.64263
-1.26283
-0.942084
-0.685134
-0.487892
-0.341971
-0.237114
-0.163362
-0.11129
-0.0732793
-0.0429895
-0.0151393
-3.40681
-3.41435
-3.29433
-3.05853
-2.72981
-2.34294
-1.93483
-1.5398
-1.18362
-0.880699
-0.637061
-0.449811
-0.31145
-0.212456
-0.14342
-0.0954402
-0.0613129
-0.0351142
-0.0120579
-2.93966
-2.97761
-2.90267
-2.71935
-2.44553
-2.11148
-1.75114
-1.39708
-1.07463
-0.798634
-0.575837
-0.404411
-0.277845
-0.18759
-0.125072
-0.0821503
-0.0521761
-0.0296246
-0.0100413
-2.39758
-2.44983
-2.41304
-2.28327
-2.07161
-1.80196
-1.50339
-1.20476
-0.929515
-0.69199
-0.499182
-0.350387
-0.240347
-0.161907
-0.107773
-0.0709686
-0.0456781
-0.0268466
-0.00987474
-1.76361
-1.74307
-1.6615
-1.52298
-1.34125
-1.13525
-0.924371
-0.725028
-0.549125
-0.402581
-0.286903
-0.199741
-0.136503
-0.0921265
-0.0619289
-0.0417764
-0.0282307
-0.0180688
-0.00774599
-1.17952
-1.29773
-1.38838
-1.42223
-1.38717
-1.28673
-1.13681
-0.958902
-0.77532
-0.603452
-0.454433
-0.333274
-0.239215
-0.16922
-0.119115
-0.0846724
-0.0617868
-0.0467919
-0.0356628
-0.394239
-0.438476
-0.488403
-0.528554
-0.548249
-0.542166
-0.511071
-0.459799
-0.396582
-0.32964
-0.265503
-0.209054
-0.161554
-0.123187
-0.0932143
-0.0710087
-0.0554173
-0.0455485
-0.039957
0.394581
0.347042
0.267852
0.170703
0.070728
-0.0186565
-0.0883459
-0.134275
-0.157809
-0.163484
-0.156697
-0.143253
-0.126359
-0.108381
-0.0907197
-0.0750743
-0.0623639
-0.0535038
-0.0481795
1.17427
1.11037
0.994467
0.840964
0.667925
0.493979
0.334965
0.201345
0.0972382
0.0215178
-0.0296766
-0.0621785
-0.0801969
-0.0872667
-0.0859495
-0.079628
-0.0711522
-0.0636102
-0.0582319
1.86451
1.7679
1.60951
1.40526
1.17398
0.935993
0.709889
0.509134
0.341029
0.206868
0.10435
0.0282485
-0.0256847
-0.0609819
-0.0799092
-0.0861797
-0.0836836
-0.0778152
-0.0719904
2.5577
2.41475
2.20539
1.94627
1.65726
1.35987
1.07396
0.814257
0.58966
0.402761
0.252254
0.133257
0.0414715
-0.026358
-0.0712305
-0.0956297
-0.102698
-0.0995627
-0.0926493
3.05187
2.85818
2.60472
2.30713
1.98447
1.65628
1.34045
1.05013
0.793805
0.574231
0.390766
0.238918
0.114455
0.0144092
-0.0604162
-0.109679
-0.132572
-0.135173
-0.126219
3.48772
3.25196
2.95609
2.62213
2.26976
1.91666
1.57835
1.26586
0.986546
0.742703
0.53385
0.355402
0.202482
0.0710824
-0.0376791
-0.121346
-0.172567
-0.191156
-0.184085
3.86312
3.57182
3.232
2.86607
2.49184
2.12367
1.77377
1.45038
1.1592
0.901685
0.6774
0.481796
0.309237
0.15361
0.0137916
-0.109784
-0.205102
-0.261602
-0.268891
4.0657
3.69324
3.29172
2.88157
2.47745
2.09007
1.72818
1.39719
1.10079
0.83923
0.611172
0.411849
0.234772
0.0714208
-0.0840697
-0.238213
-0.384978
-0.513341
-0.600667
4.15057
3.75045
3.3516
2.96661
2.60063
2.25629
1.93575
1.6402
1.37089
1.12789
0.910912
0.718173
0.546427
0.390861
0.245908
0.1018
-0.0488199
-0.213361
-0.392444
4.18539
3.77781
3.39579
3.03722
2.69926
2.38066
2.08141
1.8021
1.54397
1.30762
1.09354
0.901638
0.730312
0.577788
0.442286
0.320702
0.209935
0.105465
0.000590577
3.88591
3.42319
3.0125
2.64188
2.3045
1.99678
1.71663
1.46258
1.23375
1.02863
0.845865
0.683877
0.540054
0.412162
0.298587
0.197748
0.108971
0.0326677
-0.0314288
3.35449
2.94443
2.58472
2.26365
1.97431
1.71254
1.47561
1.26147
1.06881
0.895925
0.741474
0.604057
0.481499
0.371968
0.274095
0.18639
0.107866
0.0383622
-0.0227252
2.74738
2.41086
2.11335
1.84814
1.61025
1.3962
1.20339
1.02976
0.873894
0.734124
0.609192
0.497823
0.398178
0.308719
0.228331
0.155785
0.0903056
0.0318528
-0.0199879
2.04558
1.78995
1.56575
1.36754
1.191
1.03302
0.891247
0.763869
0.649631
0.547146
0.455417
0.37345
0.299875
0.233568
0.173756
0.119574
0.0705329
0.0267001
-0.0121632
1.27823
1.10818
0.964214
0.839563
0.729923
0.632549
0.545589
0.467681
0.397917
0.335349
0.279314
0.229162
0.184029
0.143214
0.106249
0.0726116
0.0420271
0.0145868
-0.00980382
0.487896
0.417835
0.360996
0.312635
0.270414
0.233084
0.199889
0.170308
0.143984
0.120545
0.0997103
0.0811962
0.0646412
0.0497382
0.0362631
0.0239777
0.012738
0.00254146
-0.00665981
-0.487662
-0.417299
-0.360247
-0.311744
-0.269436
-0.232064
-0.198865
-0.169309
-0.143034
-0.119661
-0.0989061
-0.0804812
-0.0640225
-0.0492211
-0.0358513
-0.0236741
-0.012544
-0.00245629
0.0066386
-1.278
-1.1077
-0.963546
-0.838771
-0.729056
-0.63165
-0.54469
-0.46681
-0.397094
-0.33459
-0.278631
-0.228563
-0.183521
-0.142801
-0.105935
-0.0723999
-0.0419188
-0.0145808
0.00971055
-2.04535
-1.78947
-1.56509
-1.36675
-1.19013
-1.0321
-0.890331
-0.762977
-0.648784
-0.54636
-0.454705
-0.372818
-0.299328
-0.233107
-0.173382
-0.119286
-0.0703284
-0.0265747
0.0122147
-2.7472
-2.4105
-2.11286
-1.84755
-1.60961
-1.39554
-1.20273
-1.02913
-0.873302
-0.733586
-0.608718
-0.497416
-0.397842
-0.308454
-0.228137
-0.155659
-0.090246
-0.0318551
0.0199282
-3.35435
-2.94416
-2.58435
-2.2632
-1.97381
-1.71202
-1.4751
-1.26098
-1.06836
-0.895521
-0.741126
-0.603767
-0.481268
-0.371796
-0.273978
-0.186324
-0.107845
-0.038378
0.0226837
-3.88587
-3.42306
-3.01228
-2.6416
-2.30418
-1.99645
-1.71632
-1.4623
-1.23351
-1.02845
-0.845733
-0.683798
-0.540026
-0.412184
-0.298654
-0.197851
-0.109094
-0.0327873
0.0313379
-4.18534
-3.77737
-3.39491
-3.03591
-2.69758
-2.37868
-2.07925
-1.79983
-1.54169
-1.30539
-1.09141
-0.899621
-0.728418
-0.576009
-0.44061
-0.319138
-0.208535
-0.104379
-7.99124e-05
-4.15124
-3.75226
-3.35456
-2.97063
-2.60555
-2.26191
-1.94186
-1.64658
-1.37736
-1.13429
-0.917147
-0.724183
-0.552214
-0.396487
-0.251487
-0.107499
0.0428644
0.207134
0.386205
-4.06535
-3.69236
-3.2903
-2.87969
-2.47522
-2.08761
-1.72558
-1.39455
-1.09819
-0.836724
-0.608786
-0.409604
-0.232674
-0.0694638
0.0859249
0.240062
0.387044
0.516006
0.604433
-3.86333
-3.57235
-3.23282
-2.86713
-2.49309
-2.12505
-1.77522
-1.45184
-1.16061
-0.90302
-0.678627
-0.482904
-0.310219
-0.154449
-0.0144488
0.109394
0.205078
0.261996
0.269601
-3.48784
-3.25229
-2.95662
-2.62283
-2.2706
-1.91761
-1.57936
-1.26688
-0.987531
-0.743617
-0.534669
-0.356111
-0.203067
-0.0715211
0.0374277
0.121335
0.172816
0.191602
0.184602
-3.05201
-2.85853
-2.60527
-2.30788
-1.98536
-1.65728
-1.34149
-1.05115
-0.79476
-0.575085
-0.391499
-0.239519
-0.114916
-0.014718
0.0602776
0.109723
0.13278
0.135479
0.126525
-2.55784
-2.41512
-2.20598
-1.94706
-1.65821
-1.36091
-1.07501
-0.815266
-0.590574
-0.403547
-0.252899
-0.133759
-0.0418322
0.0261384
0.0711501
0.0956778
0.102844
0.09976
0.0928424
-1.86464
-1.76827
-1.6101
-1.40605
-1.1749
-0.936987
-0.710876
-0.510048
-0.341828
-0.207528
-0.104868
-0.0286305
0.0254287
0.0608422
0.0798734
0.0862291
0.0837907
0.0779493
0.0721209
-1.17442
-1.11077
-0.995112
-0.841804
-0.668886
-0.494975
-0.335917
-0.202192
-0.0979437
-0.0220711
0.0292676
0.0618973
0.0800253
0.0871878
0.0859456
0.0796794
0.0712373
0.0637101
0.058329
-0.39472
-0.34744
-0.268494
-0.171527
-0.0716461
0.0177376
0.0875056
0.133565
0.157251
0.163076
0.156419
0.143082
0.126274
0.108362
0.0907475
0.0751336
0.0624401
0.053587
0.0482616
0.393899
0.437467
0.486769
0.526458
0.545925
0.539851
0.508959
0.458007
0.395156
0.328569
0.264737
0.208534
0.161221
0.12299
0.0931099
0.0709646
0.05541
0.0455673
0.0400065
1.17974
1.29854
1.38985
1.42427
1.38959
1.28932
1.13934
0.961212
0.777306
0.605076
0.455707
0.334244
0.239937
0.169752
0.11951
0.0849718
0.0620223
0.0469861
0.0358263
1.76334
1.74216
1.66002
1.52107
1.33913
1.13312
0.922403
0.723321
0.547719
0.401476
0.286067
0.199129
0.13607
0.0918283
0.06173
0.0416483
0.028152
0.0180253
0.00773072
2.3977
2.45008
2.41341
2.2837
2.07206
1.80237
1.50373
1.20501
0.929691
0.692098
0.499241
0.350412
0.240354
0.161906
0.107769
0.0709657
0.0456764
0.0268465
0.00987605
2.93967
2.97762
2.90268
2.71936
2.44553
2.11147
1.75112
1.39705
1.0746
0.798602
0.575809
0.404389
0.27783
0.187581
0.125068
0.08215
0.0521777
0.0296269
0.0100428
3.40681
3.41436
3.29434
3.05853
2.72981
2.34293
1.93481
1.53978
1.18359
0.880675
0.637042
0.449798
0.311443
0.212454
0.143421
0.0954441
0.0613175
0.0351178
0.0120592
3.83326
3.79333
3.62012
3.32958
2.94849
2.51521
2.06836
1.6426
1.26281
0.942066
0.685121
0.487885
0.341969
0.237117
0.163368
0.111297
0.0732858
0.042994
0.0151407
4.19479
4.09636
3.86695
3.52261
3.09425
2.62314
2.14837
1.70341
1.31105
0.982232
0.720019
0.519049
0.37017
0.262619
0.18613
0.130939
0.089119
0.0539216
0.0195424
4.36657
4.22773
3.95565
3.57358
3.11755
2.63014
2.14902
1.70484
1.31731
0.994801
0.738608
0.542387
0.396618
0.290449
0.213678
0.156446
0.110676
0.0692594
0.0258447
4.57623
4.3864
4.05718
3.62648
3.13611
2.6293
2.14157
1.69983
1.31992
1.00697
0.760057
0.571507
0.431207
0.328059
0.251824
0.192404
0.141451
0.0913307
0.0349448
4.73979
4.47436
4.08221
3.60625
3.09047
2.57615
2.09477
1.66798
1.30686
1.01294
0.782885
0.607799
0.477097
0.379546
0.30497
0.242986
0.184932
0.122523
0.047752
4.79139
4.44911
4.00079
3.49241
2.9683
2.46512
2.00818
1.61244
1.28365
1.01953
0.814606
0.658976
0.541857
0.452049
0.379561
0.313655
0.245315
0.1655
0.0651959
4.74341
4.32961
3.83386
3.30814
2.79425
2.32098
1.90539
1.55483
1.26954
1.04362
0.869943
0.737836
0.636564
0.555026
0.483455
0.410589
0.327005
0.222839
0.0880744
4.66813
4.17242
3.63426
3.10449
2.61618
2.18691
1.82403
1.52713
1.2913
1.10745
0.967315
0.859636
0.773808
0.698724
0.624745
0.539813
0.434037
0.296732
0.117003
4.51406
3.93821
3.37986
2.8725
2.43426
2.06915
1.77396
1.54113
1.36147
1.2235
1.11862
1.03529
0.963219
0.89125
0.809836
0.705961
0.569333
0.388639
0.152416
4.05106
3.46326
2.9497
2.52557
2.18944
1.92984
1.73304
1.586
1.47702
1.39377
1.32875
1.27088
1.21081
1.13766
1.04228
0.910962
0.733458
0.49842
0.194297
3.60914
3.04159
2.60568
2.29035
2.07014
1.91982
1.81832
1.75028
1.70357
1.66609
1.632
1.5907
1.53354
1.44961
1.33003
1.16033
0.930399
0.629034
0.244263
3.07481
2.58337
2.28838
2.1262
2.04704
2.01774
2.01491
2.02438
2.03565
2.0381
2.02793
1.99547
1.93271
1.82879
1.67508
1.4566
1.16335
0.784135
0.305331
2.17567
1.93885
1.90023
1.96167
2.06617
2.1834
2.29423
2.389
2.46099
2.50262
2.51258
2.48322
2.40748
2.27514
2.07822
1.80192
1.43625
0.969408
0.383254
1.29567
1.4469
1.71243
2.00549
2.28516
2.53374
2.74165
2.90518
3.02244
3.08962
3.10712
3.07016
2.97218
2.80382
2.55732
2.21812
1.77423
1.21017
0.49569
0.440417
1.06817
1.66346
2.19076
2.64141
3.01417
3.31172
3.53622
3.69123
3.77768
3.797
3.7488
3.62701
3.42365
3.1308
2.73367
2.21458
1.54792
0.677871
-0.212017
0.884214
1.78318
2.52135
3.12568
3.60863
3.98518
4.26197
4.44845
4.55136
4.57259
4.51817
4.38271
4.16047
3.84245
3.41212
2.83922
2.0756
1.0158
-0.522934
0.912981
2.04652
2.95697
3.69242
4.27052
4.7165
5.03991
5.25663
5.3809
5.41537
5.37521
5.25718
5.05963
4.77185
4.37332
3.81056
2.99192
1.72295
-0.450485
1.12308
2.40139
3.43984
4.28211
4.94051
5.44751
5.81501
6.06644
6.22643
6.30045
6.31705
6.28007
6.19747
6.05904
5.84132
5.45644
4.74059
3.354
-0.0865496
1.44144
2.78431
3.91089
4.83615
5.55953
6.11816
6.52819
6.82212
7.04073
7.19676
7.33931
7.49362
7.69332
7.94271
8.23691
8.46126
8.36512
7.40001
0.351716
1.76249
3.13274
4.32319
5.31002
6.08132
6.67713
7.12547
7.46678
7.77151
8.06486
8.42963
8.95655
9.76664
10.9942
12.9462
16.0763
21.3496
30.7593
)
;

boundaryField
{
    up
    {
        type            calculated;
        value           nonuniform List<scalar> 
84
(
-30.7593
-7.40001
-3.35402
-1.72296
-1.0158
-0.677869
-0.495683
-0.383246
-0.305325
-0.24426
-0.194297
-0.152419
-0.117007
-0.0880777
-0.065198
-0.0477526
-0.0349442
-0.0258435
-0.0195409
-0.0151393
-0.0120579
-0.0100413
-0.00987474
-0.00774599
-0.0296949
-0.0361593
-0.0438415
-0.0527871
-0.0646782
-0.0822613
-0.110338
-0.155967
-0.220258
-0.572705
-0.397513
0.000298133
-0.0309427
-0.0224118
-0.0198033
-0.0120827
-0.0097671
-0.00664882
0.00662772
0.00967432
0.0121347
0.0197449
0.0223718
0.0308535
0.000202662
0.391261
0.577085
0.220917
0.156381
0.11058
0.0824146
0.0647834
0.0528681
0.0439138
0.0362203
0.0298345
0.00773072
0.00987605
0.0100428
0.0120592
0.0151407
0.0195424
0.0258447
0.0349448
0.047752
0.0651959
0.0880744
0.117003
0.152416
0.194297
0.244263
0.305331
0.383254
0.49569
0.677871
1.0158
1.72295
3.354
7.40001
30.7593
)
;
    }
    low
    {
        type            calculated;
        value           nonuniform List<scalar> 
84
(
-0.316078
0.14126
0.537279
0.615425
0.268967
-0.450708
-1.3786
-2.31223
-3.23077
-3.73742
-4.1665
-4.61286
-4.72162
-4.77145
-4.80518
-4.72833
-4.54156
-4.32605
-4.1376
-3.74186
-3.295
-2.81852
-2.27281
-1.64996
-1.08731
-0.360308
0.355824
1.07935
1.74645
2.44603
2.96835
3.42696
3.83186
4.06946
4.18029
4.24483
3.97467
3.44385
2.8243
2.10522
1.31706
0.503943
-0.503709
-1.31683
-2.10498
-2.82409
-3.44368
-3.9746
-4.24474
-4.18085
-4.06911
-3.83202
-3.42707
-2.96849
-2.44618
-1.74658
-1.07951
-0.355965
0.359976
1.08752
1.6497
2.27292
2.81853
3.29501
3.74186
4.1376
4.32606
4.54156
4.72834
4.80518
4.77146
4.72164
4.61284
4.16652
3.73746
3.2308
2.31225
1.37862
0.450722
-0.268959
-0.615428
-0.537289
-0.141268
0.316079
)
;
    }
    left
    {
        type            calculated;
        value           nonuniform List<scalar> 
19
(
-0.314985
-1.70058
-3.10421
-4.34065
-5.37364
-6.18311
-6.81121
-7.29002
-7.6594
-8.00505
-8.35219
-8.79133
-9.43786
-10.4484
-11.988
-14.4827
-18.56
-25.568
-26.6737
)
;
    }
    right
    {
        type            calculated;
        value           nonuniform List<scalar> 
19
(
0.31499
1.70058
3.1042
4.34063
5.37362
6.1831
6.81121
7.29002
7.65942
8.00507
8.35221
8.79134
9.43785
10.4483
11.988
14.4827
18.56
25.568
26.6738
)
;
    }
    frontAndBackPlanes
    {
        type            empty;
    }
}


// ************************************************************************* //
