/*--------------------------------*- C++ -*----------------------------------*\
  =========                 |
  \\      /  F ield         | OpenFOAM: The Open Source CFD Toolbox
   \\    /   O peration     | Website:  https://openfoam.org
    \\  /    A nd           | Version:  7
     \\/     M anipulation  |
\*---------------------------------------------------------------------------*/
FoamFile
{
    version     2.0;
    format      ascii;
    class       volScalarField;
    location    "0.238";
    object      gradTy;
}
// * * * * * * * * * * * * * * * * * * * * * * * * * * * * * * * * * * * * * //

dimensions      [0 -1 0 1 0 0 0];

internalField   nonuniform List<scalar> 
1596
(
-0.271958
-0.505222
-0.696589
-0.880756
-1.05793
-1.25123
-1.45104
-1.6838
-1.9601
-2.28769
-2.73759
-3.31006
-4.10295
-5.23201
-6.98588
-9.71988
-14.6018
-23.6051
-55.7624
-0.828371
-1.02161
-1.15335
-1.27553
-1.39444
-1.53578
-1.6917
-1.88651
-2.13031
-2.4252
-2.83041
-3.33968
-4.01843
-4.91918
-6.18991
-7.90555
-10.4556
-14.2032
-24.8396
-1.48236
-1.54728
-1.58626
-1.63349
-1.68824
-1.77258
-1.87744
-2.02401
-2.21972
-2.4628
-2.80182
-3.22419
-3.77504
-4.47841
-5.42392
-6.62296
-8.28705
-10.5687
-15.4653
-2.16778
-2.05928
-1.98782
-1.95269
-1.93998
-1.9642
-2.01402
-2.10661
-2.24665
-2.42985
-2.69576
-3.02851
-3.4598
-3.99921
-4.70339
-5.55921
-6.69082
-8.16068
-10.6792
-2.79996
-2.52862
-2.34988
-2.23358
-2.15441
-2.11853
-2.11275
-2.14992
-2.23255
-2.35503
-2.54944
-2.79929
-3.12744
-3.53637
-4.0636
-4.68808
-5.48761
-6.48408
-7.93785
-3.30239
-2.92722
-2.66472
-2.47791
-2.33826
-2.24579
-2.18692
-2.17055
-2.19779
-2.26267
-2.39106
-2.56764
-2.80922
-3.11504
-3.51091
-3.97484
-4.55802
-5.26385
-6.19154
-3.63352
-3.233
-2.92436
-2.68619
-2.49699
-2.35485
-2.24793
-2.18223
-2.15826
-2.17048
-2.2396
-2.35244
-2.52154
-2.74482
-3.04059
-3.38863
-3.82376
-4.34121
-4.97984
-3.79292
-3.4324
-3.11885
-2.85412
-2.63064
-2.44895
-2.30131
-2.19231
-2.12272
-2.08803
-2.10484
-2.16248
-2.27045
-2.42636
-2.64345
-2.90424
-3.23287
-3.62146
-4.08474
-3.81259
-3.54037
-3.25729
-2.99022
-2.74824
-2.53781
-2.35707
-2.21086
-2.10108
-2.02477
-1.99539
-2.00489
-2.06056
-2.16019
-2.31352
-2.50578
-2.75386
-3.04901
-3.39567
-3.71964
-3.54261
-3.31348
-3.0675
-2.82558
-2.60089
-2.398
-2.22351
-2.08118
-1.97001
-1.90137
-1.86973
-1.88093
-1.93326
-2.03408
-2.17123
-2.35673
-2.58211
-2.84723
-3.60184
-3.49265
-3.31787
-3.10382
-2.87431
-2.6466
-2.43076
-2.23576
-2.06765
-1.92762
-1.82589
-1.75925
-1.73266
-1.745
-1.80202
-1.89379
-2.02892
-2.19964
-2.40375
-3.45463
-3.41518
-3.29322
-3.11486
-2.90446
-2.68126
-2.45927
-2.24984
-2.06136
-1.89732
-1.76751
-1.67079
-1.61173
-1.58985
-1.6098
-1.66352
-1.75721
-1.88395
-2.04069
-3.27108
-3.29398
-3.22375
-3.08414
-2.89869
-2.68748
-2.46685
-2.25022
-2.04808
-1.86606
-1.71407
-1.59287
-1.50698
-1.45662
-1.44578
-1.46804
-1.52798
-1.61959
-1.73952
-3.10745
-3.16604
-3.13656
-3.03221
-2.8723
-2.67615
-2.46101
-2.24181
-2.03073
-1.83527
-1.66584
-1.52478
-1.41683
-1.34288
-1.30655
-1.30274
-1.33494
-1.39797
-1.48855
-2.95549
-3.04229
-3.04412
-2.9694
-2.83298
-2.65236
-2.4447
-2.2258
-2.00911
-1.80372
-1.62063
-1.46357
-1.33763
-1.24429
-1.18698
-1.16172
-1.1712
-1.21104
-1.27811
-2.80611
-2.9199
-2.94817
-2.89847
-2.78288
-2.61715
-2.4178
-2.20108
-1.98133
-1.76889
-1.57542
-1.40579
-1.26548
-1.15653
-1.08228
-1.03963
-1.03077
-1.05196
-1.10035
-2.67039
-2.80275
-2.85248
-2.82365
-2.72585
-2.57343
-2.38215
-2.16844
-1.94726
-1.72993
-1.52872
-1.34943
-1.19791
-1.07668
-0.989008
-0.932533
-0.909085
-0.915458
-0.949064
-2.55113
-2.69641
-2.76302
-2.75117
-2.66811
-2.52679
-2.34242
-2.13148
-1.90943
-1.68843
-1.48123
-1.29444
-1.13419
-1.00334
-0.905136
-0.837748
-0.802761
-0.797425
-0.819374
-2.43127
-2.59963
-2.68403
-2.6876
-2.61713
-2.48487
-2.30579
-2.09656
-1.87318
-1.64863
-1.4361
-1.24291
-1.07543
-0.936742
-0.829978
-0.75373
-0.709399
-0.69465
-0.707327
-2.30756
-2.50234
-2.60695
-2.62627
-2.56773
-2.44357
-2.26898
-2.061
-1.83628
-1.60859
-1.3916
-1.19324
-1.02003
-0.875185
-0.761621
-0.678189
-0.626202
-0.60381
-0.609165
-2.20139
-2.41413
-2.53755
-2.57215
-2.52469
-2.40753
-2.23631
-2.0287
-1.80212
-1.57118
-1.35004
-1.1472
-0.96927
-0.819451
-0.700314
-0.610693
-0.551811
-0.522483
-0.52163
-2.10712
-2.33666
-2.47744
-2.52662
-2.48963
-2.37869
-2.21001
-2.00203
-1.77306
-1.53864
-1.31342
-1.10647
-0.924497
-0.770577
-0.64675
-0.551422
-0.485389
-0.448192
-0.440704
-2.02006
-2.26847
-2.42655
-2.48988
-2.46288
-2.35763
-2.19095
-1.98216
-1.75054
-1.51254
-1.28334
-1.07256
-0.887022
-0.729727
-0.602081
-0.501533
-0.427478
-0.378903
-0.360153
-1.94256
-2.20991
-2.3841
-2.45936
-2.43979
-2.33741
-2.17026
-1.95846
-1.72248
-1.47993
-1.24588
-1.03111
-0.842372
-0.682704
-0.552754
-0.449129
-0.368117
-0.304317
-0.253718
-1.87984
-2.16475
-2.35791
-2.45161
-2.44967
-2.36286
-2.20924
-2.00807
-1.77964
-1.54197
-1.30904
-1.09287
-0.900105
-0.735132
-0.599027
-0.489723
-0.401924
-0.328313
-0.257736
-1.8364
-2.13174
-2.33572
-2.44195
-2.45387
-2.38126
-2.24125
-2.05201
-1.83293
-1.60166
-1.37104
-1.1535
-0.955902
-0.783675
-0.639149
-0.522721
-0.430428
-0.357693
-0.297101
-1.83528
-2.13229
-2.34014
-2.45322
-2.4746
-2.41369
-2.28639
-2.10991
-1.90241
-1.68042
-1.45583
-1.2401
-1.03985
-0.861088
-0.707653
-0.582014
-0.482147
-0.404852
-0.343678
-1.88132
-2.17077
-2.37353
-2.4852
-2.50902
-2.45441
-2.33628
-2.1709
-1.97507
-1.76397
-1.54811
-1.33744
-1.13741
-0.953743
-0.791351
-0.654974
-0.54506
-0.460167
-0.394468
-1.96957
-2.24619
-2.43638
-2.53945
-2.55961
-2.50653
-2.39437
-2.23841
-2.05411
-1.85525
-1.65074
-1.44869
-1.25257
-1.06664
-0.895791
-0.746926
-0.623716
-0.527662
-0.453948
-2.09749
-2.35199
-2.52254
-2.61126
-2.62312
-2.56801
-2.45948
-2.31182
-2.13914
-1.95396
-1.76363
-1.57459
-1.38774
-1.2046
-1.02802
-0.865902
-0.725469
-0.613292
-0.527206
-2.26306
-2.48656
-2.63299
-2.7036
-2.70399
-2.64426
-2.5375
-2.39693
-2.23546
-2.06458
-1.89046
-1.71848
-1.54729
-1.37481
-1.19926
-1.02632
-0.864731
-0.728433
-0.622263
-2.44246
-2.63925
-2.76076
-2.81133
-2.79842
-2.73255
-2.62641
-2.49212
-2.34138
-2.18492
-2.0282
-1.87673
-1.72823
-1.57794
-1.41771
-1.24634
-1.06644
-0.895993
-0.754167
-2.64728
-2.81372
-2.90699
-2.93488
-2.90666
-2.83313
-2.72638
-2.59719
-2.45602
-2.31286
-2.1727
-2.04226
-1.92054
-1.80354
-1.67923
-1.5388
-1.36814
-1.17162
-0.956955
-2.88656
-3.01618
-3.07781
-3.08149
-3.0377
-2.95713
-2.85075
-2.7279
-2.59754
-2.46862
-2.34601
-2.23743
-2.14496
-2.06976
-2.0044
-1.94277
-1.86272
-1.75188
-1.59552
-3.15264
-3.23958
-3.26161
-3.23319
-3.16588
-3.07007
-2.95501
-2.82865
-2.69822
-2.57057
-2.45024
-2.34326
-2.25297
-2.18336
-2.13528
-2.11297
-2.11031
-2.12175
-2.13519
-3.45339
-3.48223
-3.45592
-3.39012
-3.29548
-3.18128
-3.0548
-2.9228
-2.79112
-2.66475
-2.54821
-2.44529
-2.35877
-2.29095
-2.24354
-2.21866
-2.218
-2.24407
-2.29982
-3.78529
-3.74277
-3.66533
-3.56294
-3.44289
-3.31208
-3.17592
-3.03979
-2.90831
-2.78531
-2.67465
-2.57875
-2.49934
-2.43703
-2.39168
-2.36125
-2.34367
-2.33524
-2.33256
-4.0905
-3.98014
-3.85461
-3.71767
-3.57325
-3.42582
-3.27913
-3.13708
-3.00314
-2.88009
-2.77074
-2.67671
-2.59878
-2.53684
-2.49016
-2.45671
-2.43447
-2.42076
-2.413
-4.33961
-4.17981
-4.01662
-3.85174
-3.68734
-3.52615
-3.37067
-3.22355
-3.08732
-2.96395
-2.85545
-2.76294
-2.68669
-2.62628
-2.5808
-2.54836
-2.52694
-2.5141
-2.50735
-4.53893
-4.33995
-4.14695
-3.95998
-3.77981
-3.60776
-3.44529
-3.29406
-3.1559
-3.03214
-2.92425
-2.83302
-2.75836
-2.6997
-2.656
-2.62539
-2.60581
-2.59492
-2.59024
-4.68391
-4.45537
-4.23986
-4.03662
-3.84509
-3.66535
-3.49801
-3.34395
-3.20448
-3.08053
-2.97318
-2.88302
-2.80975
-2.75267
-2.71063
-2.68172
-2.66376
-2.65437
-2.65099
-4.77713
-4.52095
-4.28946
-4.0763
-3.87844
-3.69464
-3.52482
-3.3694
-3.22935
-3.10541
-2.99845
-2.90899
-2.83662
-2.7806
-2.73978
-2.71229
-2.69593
-2.68834
-2.68695
-4.77716
-4.52099
-4.28951
-4.07636
-3.8785
-3.69471
-3.52489
-3.36946
-3.22942
-3.10548
-2.99852
-2.90906
-2.8367
-2.78068
-2.73986
-2.71238
-2.69602
-2.68843
-2.68705
-4.68394
-4.45546
-4.23998
-4.03676
-3.84524
-3.66552
-3.49818
-3.34413
-3.20467
-3.08072
-2.97338
-2.88323
-2.80997
-2.7529
-2.71087
-2.68199
-2.66405
-2.65468
-2.65134
-4.53899
-4.34009
-4.14714
-3.9602
-3.78006
-3.60802
-3.44556
-3.29435
-3.1562
-3.03245
-2.92458
-2.83336
-2.75872
-2.70008
-2.6564
-2.62582
-2.60627
-2.59541
-2.59076
-4.33968
-4.17999
-4.01686
-3.85202
-3.68766
-3.52649
-3.37103
-3.22392
-3.0877
-2.96435
-2.85587
-2.76338
-2.68714
-2.62675
-2.58129
-2.54887
-2.52747
-2.51466
-2.50794
-4.09058
-3.98034
-3.85488
-3.71799
-3.57362
-3.42621
-3.27955
-3.13752
-3.0036
-2.88058
-2.77124
-2.67723
-2.59932
-2.53739
-2.49073
-2.45729
-2.43507
-2.42138
-2.41364
-3.78539
-3.74299
-3.66562
-3.5633
-3.44329
-3.31252
-3.17639
-3.04028
-2.90883
-2.78585
-2.67521
-2.57933
-2.49994
-2.43763
-2.39227
-2.36183
-2.34422
-2.33576
-2.33305
-3.45349
-3.48247
-3.45628
-3.39059
-3.29603
-3.18191
-3.05551
-2.92358
-2.79198
-2.66568
-2.54922
-2.44639
-2.35997
-2.29224
-2.24491
-2.22005
-2.21929
-2.24505
-2.30018
-3.15271
-3.23962
-3.26166
-3.23327
-3.16597
-3.07018
-2.95513
-2.82877
-2.69832
-2.57063
-2.45023
-2.34316
-2.25272
-2.18291
-2.13463
-2.11216
-2.10959
-2.1216
-2.13638
-2.88659
-3.01632
-3.07806
-3.08186
-3.03821
-2.95778
-2.85154
-2.72883
-2.5986
-2.4698
-2.34731
-2.23884
-2.14653
-2.07155
-2.00658
-1.94557
-1.86644
-1.75678
-1.60177
-2.64729
-2.81375
-2.90707
-2.93504
-2.90691
-2.83349
-2.72683
-2.59775
-2.45667
-2.31358
-2.1735
-2.04316
-1.92157
-1.80477
-1.68073
-1.54062
-1.3702
-1.17366
-0.958488
-2.44246
-2.63925
-2.76081
-2.81146
-2.79864
-2.73288
-2.62685
-2.49267
-2.34203
-2.18566
-2.02904
-1.87768
-1.72931
-1.57918
-1.4191
-1.24782
-1.06788
-0.897226
-0.755139
-2.26306
-2.48654
-2.633
-2.70369
-2.70417
-2.64455
-2.5379
-2.39745
-2.23608
-2.06529
-1.89126
-1.71938
-1.54829
-1.3759
-1.2004
-1.02743
-0.865732
-0.729271
-0.622951
-2.09748
-2.35196
-2.52253
-2.61131
-2.62327
-2.56826
-2.45985
-2.31229
-2.13972
-1.95462
-1.76438
-1.57541
-1.38863
-1.20552
-1.02893
-0.866747
-0.726205
-0.613913
-0.527736
-1.96955
-2.24615
-2.43635
-2.53948
-2.55973
-2.50675
-2.39469
-2.23884
-2.05464
-1.85586
-1.65142
-1.44942
-1.25334
-1.06741
-0.896522
-0.747584
-0.624286
-0.528152
-0.454382
-1.88131
-2.17072
-2.37349
-2.48521
-2.50911
-2.45459
-2.33657
-2.17128
-1.97554
-1.76452
-1.54872
-1.33808
-1.13806
-0.954377
-0.791939
-0.655498
-0.545517
-0.460571
-0.394844
-1.83526
-2.13224
-2.34009
-2.45322
-2.47467
-2.41384
-2.28664
-2.11025
-1.90282
-1.6809
-1.45635
-1.24065
-1.0404
-0.861611
-0.708132
-0.582441
-0.482526
-0.405201
-0.344029
-1.83638
-2.13169
-2.33566
-2.44191
-2.45389
-2.38134
-2.24141
-2.05223
-1.83321
-1.60199
-1.3714
-1.15387
-0.956264
-0.784013
-0.63945
-0.522986
-0.430667
-0.357939
-0.297418
-1.87988
-2.16478
-2.35794
-2.45166
-2.44974
-2.36298
-2.2094
-2.00827
-1.77989
-1.54225
-1.30935
-1.09319
-0.900438
-0.735464
-0.599347
-0.490028
-0.402209
-0.328569
-0.257942
-1.9426
-2.20995
-2.38413
-2.45936
-2.43976
-2.33735
-2.17017
-1.95834
-1.72235
-1.47978
-1.24573
-1.03097
-0.842235
-0.682577
-0.552635
-0.449016
-0.368004
-0.304196
-0.25357
-2.02009
-2.26849
-2.42657
-2.4899
-2.46289
-2.35764
-2.19095
-1.98216
-1.75053
-1.51253
-1.28333
-1.07256
-0.887025
-0.729733
-0.60209
-0.501545
-0.427493
-0.378923
-0.360173
-2.10714
-2.33668
-2.47745
-2.52663
-2.48963
-2.37869
-2.20999
-2.00201
-1.77304
-1.53862
-1.31341
-1.10646
-0.924493
-0.770577
-0.646754
-0.551429
-0.4854
-0.448205
-0.440717
-2.20141
-2.41414
-2.53756
-2.57215
-2.52468
-2.40752
-2.2363
-2.02869
-1.80211
-1.57117
-1.35003
-1.14719
-0.969268
-0.819452
-0.700318
-0.610699
-0.551819
-0.522492
-0.521639
-2.30758
-2.50235
-2.60695
-2.62627
-2.56772
-2.44357
-2.26897
-2.06099
-1.83627
-1.60858
-1.3916
-1.19324
-1.02003
-0.875187
-0.761625
-0.678194
-0.626209
-0.603816
-0.609171
-2.43128
-2.59964
-2.68403
-2.68759
-2.61713
-2.48486
-2.30578
-2.09655
-1.87317
-1.64862
-1.4361
-1.24291
-1.07543
-0.936744
-0.829981
-0.753734
-0.709403
-0.694654
-0.70733
-2.55114
-2.69641
-2.76301
-2.75117
-2.6681
-2.52679
-2.34241
-2.13148
-1.90943
-1.68843
-1.48123
-1.29444
-1.13419
-1.00334
-0.905138
-0.837751
-0.802763
-0.797427
-0.819376
-2.67039
-2.80275
-2.85248
-2.82364
-2.72585
-2.57343
-2.38215
-2.16844
-1.94725
-1.72993
-1.52871
-1.34943
-1.19791
-1.07668
-0.989009
-0.932534
-0.909086
-0.915458
-0.949064
-2.80611
-2.9199
-2.94816
-2.89847
-2.78287
-2.61714
-2.4178
-2.20108
-1.98133
-1.76889
-1.57542
-1.40579
-1.26548
-1.15653
-1.08228
-1.03963
-1.03077
-1.05196
-1.10035
-2.95548
-3.04229
-3.04412
-2.96939
-2.83297
-2.65236
-2.4447
-2.2258
-2.00911
-1.80372
-1.62063
-1.46357
-1.33763
-1.24429
-1.18698
-1.16171
-1.1712
-1.21103
-1.27811
-3.10744
-3.16603
-3.13656
-3.03221
-2.8723
-2.67615
-2.46101
-2.24182
-2.03073
-1.83527
-1.66584
-1.52478
-1.41683
-1.34288
-1.30655
-1.30274
-1.33493
-1.39797
-1.48854
-3.27107
-3.29397
-3.22375
-3.08414
-2.89869
-2.68748
-2.46686
-2.25023
-2.04808
-1.86606
-1.71407
-1.59287
-1.50698
-1.45662
-1.44578
-1.46804
-1.52797
-1.61958
-1.73952
-3.45461
-3.41518
-3.29322
-3.11486
-2.90446
-2.68126
-2.45927
-2.24984
-2.06136
-1.89732
-1.7675
-1.67079
-1.61173
-1.58985
-1.6098
-1.66351
-1.7572
-1.88394
-2.04069
-3.60183
-3.49265
-3.31787
-3.10382
-2.87431
-2.64661
-2.43077
-2.23576
-2.06765
-1.92762
-1.82589
-1.75925
-1.73265
-1.745
-1.80202
-1.89378
-2.02891
-2.19963
-2.40374
-3.71964
-3.54262
-3.31348
-3.06751
-2.82559
-2.60089
-2.39801
-2.22351
-2.08118
-1.97001
-1.90137
-1.86973
-1.88093
-1.93326
-2.03408
-2.17122
-2.35672
-2.5821
-2.84723
-3.81259
-3.54038
-3.2573
-2.99022
-2.74824
-2.53781
-2.35708
-2.21086
-2.10108
-2.02478
-1.99539
-2.00489
-2.06055
-2.16019
-2.31351
-2.50577
-2.75386
-3.04901
-3.39568
-3.79293
-3.43241
-3.11886
-2.85413
-2.63064
-2.44895
-2.30132
-2.19231
-2.12272
-2.08804
-2.10483
-2.16248
-2.27044
-2.42635
-2.64344
-2.90423
-3.23287
-3.62146
-4.08475
-3.63353
-3.23301
-2.92437
-2.68619
-2.497
-2.35486
-2.24793
-2.18223
-2.15826
-2.17048
-2.2396
-2.35244
-2.52153
-2.74482
-3.04058
-3.38863
-3.82375
-4.34121
-4.97985
-3.3024
-2.92723
-2.66473
-2.47791
-2.33826
-2.2458
-2.18692
-2.17056
-2.19779
-2.26267
-2.39106
-2.56764
-2.80922
-3.11503
-3.5109
-3.97484
-4.55802
-5.26386
-6.19155
-2.79998
-2.52863
-2.34989
-2.23359
-2.15441
-2.11853
-2.11276
-2.14992
-2.23255
-2.35503
-2.54944
-2.79928
-3.12744
-3.53636
-4.0636
-4.68808
-5.48762
-6.48409
-7.93786
-2.1678
-2.05928
-1.98783
-1.95269
-1.93999
-1.96421
-2.01403
-2.10661
-2.24665
-2.42985
-2.69576
-3.0285
-3.4598
-3.9992
-4.70339
-5.55921
-6.69083
-8.16069
-10.6792
-1.48237
-1.54729
-1.58626
-1.63349
-1.68825
-1.77259
-1.87744
-2.02401
-2.21972
-2.4628
-2.80182
-3.22419
-3.77503
-4.4784
-5.42391
-6.62296
-8.28705
-10.5687
-15.4653
-0.828376
-1.02161
-1.15335
-1.27554
-1.39444
-1.53578
-1.6917
-1.88651
-2.13031
-2.4252
-2.83041
-3.33968
-4.01843
-4.91917
-6.18991
-7.90554
-10.4556
-14.2032
-24.8396
-0.27196
-0.505223
-0.696589
-0.880756
-1.05794
-1.25124
-1.45104
-1.6838
-1.9601
-2.28769
-2.73759
-3.31006
-4.10295
-5.232
-6.98588
-9.71987
-14.6018
-23.6051
-55.7624
)
;

boundaryField
{
    up
    {
        type            calculated;
        value           nonuniform List<scalar> 
84
(
-50.5317
-27.3678
-16.7962
-11.4571
-8.43809
-6.53805
-5.23297
-4.27655
-3.54388
-2.96366
-2.49544
-2.11276
-1.79623
-1.53285
-1.31244
-1.12672
-0.969111
-0.834401
-0.718368
-0.617141
-0.527205
-0.443866
-0.356724
-0.227776
-0.220513
-0.279489
-0.326171
-0.375353
-0.432132
-0.501344
-0.589274
-0.703919
-0.879086
-1.58229
-2.19739
-2.33857
-2.32974
-2.40934
-2.50465
-2.58882
-2.65039
-2.68753
-2.68763
-2.65076
-2.58936
-2.50525
-2.41
-2.33022
-2.33842
-2.19869
-1.58958
-0.880515
-0.704776
-0.589918
-0.501854
-0.432555
-0.375725
-0.326526
-0.279913
-0.220779
-0.227616
-0.356741
-0.443877
-0.527213
-0.617147
-0.718371
-0.834402
-0.96911
-1.12672
-1.31243
-1.53285
-1.79623
-2.11276
-2.49544
-2.96366
-3.54389
-4.27656
-5.23298
-6.53805
-8.43809
-11.4571
-16.7962
-27.3678
-50.5317
)
;
    }
    low
    {
        type            calculated;
        value           nonuniform List<scalar> 
84
(
-0.291786
-0.865381
-1.56292
-2.30379
-2.98858
-3.52655
-3.86647
-4.01088
-3.98782
-3.83934
-3.69209
-3.51618
-3.29347
-3.10813
-2.94357
-2.77709
-2.6265
-2.5028
-2.37391
-2.22978
-2.10793
-2.00158
-1.89986
-1.80862
-1.72169
-1.66782
-1.6688
-1.73194
-1.8423
-1.99821
-2.18863
-2.38459
-2.60881
-2.87088
-3.15599
-3.48224
-3.84981
-4.17807
-4.44132
-4.65266
-4.80733
-4.91378
-4.9138
-4.80734
-4.65269
-4.44135
-4.17811
-3.84986
-3.48231
-3.15597
-2.87092
-2.60878
-2.38458
-2.18862
-1.9982
-1.8423
-1.73195
-1.6688
-1.66783
-1.72171
-1.80868
-1.89987
-2.0016
-2.10794
-2.22979
-2.37392
-2.50281
-2.62651
-2.77709
-2.94356
-3.10812
-3.29346
-3.51616
-3.69207
-3.83933
-3.98781
-4.01089
-3.86648
-3.52657
-2.9886
-2.30381
-1.56294
-0.865388
-0.291788
)
;
    }
    left
    {
        type            calculated;
        value           nonuniform List<scalar> 
19
(
-0.266742
-0.495675
-0.690677
-0.88079
-1.06518
-1.2662
-1.47471
-1.71852
-2.00866
-2.35698
-2.83792
-3.45506
-4.31959
-5.57004
-7.53033
-10.636
-16.2466
-26.7163
-52.4118
)
;
    }
    right
    {
        type            calculated;
        value           nonuniform List<scalar> 
19
(
-0.266744
-0.495676
-0.690678
-0.88079
-1.06518
-1.2662
-1.47471
-1.71852
-2.00866
-2.35698
-2.83792
-3.45506
-4.31959
-5.57003
-7.53032
-10.636
-16.2466
-26.7163
-52.4118
)
;
    }
    frontAndBackPlanes
    {
        type            empty;
    }
}


// ************************************************************************* //
