/*--------------------------------*- C++ -*----------------------------------*\
  =========                 |
  \\      /  F ield         | OpenFOAM: The Open Source CFD Toolbox
   \\    /   O peration     | Website:  https://openfoam.org
    \\  /    A nd           | Version:  7
     \\/     M anipulation  |
\*---------------------------------------------------------------------------*/
FoamFile
{
    version     2.0;
    format      ascii;
    class       volScalarField;
    location    "0.11";
    object      gradTx;
}
// * * * * * * * * * * * * * * * * * * * * * * * * * * * * * * * * * * * * * //

dimensions      [0 -1 0 1 0 0 0];

internalField   nonuniform List<scalar> 
1596
(
-0.159281
-0.797901
-1.41324
-1.93913
-2.36423
-2.68499
-2.92236
-3.09155
-3.21201
-3.31427
-3.40792
-3.52653
-3.70677
-3.99859
-4.4583
-5.2125
-6.44529
-8.5437
-12.3035
0.0419705
-0.644775
-1.24491
-1.7415
-2.14041
-2.44275
-2.66754
-2.82463
-2.93038
-3.00334
-3.04893
-3.08712
-3.12732
-3.18292
-3.25627
-3.34761
-3.41392
-3.3581
-2.96226
0.209867
-0.487177
-1.05172
-1.50542
-1.86658
-2.1415
-2.3464
-2.48893
-2.58144
-2.6359
-2.65527
-2.65132
-2.6246
-2.57729
-2.50451
-2.3972
-2.2218
-1.91579
-1.34623
0.245662
-0.376818
-0.868098
-1.25972
-1.5714
-1.81114
-1.99121
-2.11764
-2.1992
-2.2434
-2.25238
-2.23257
-2.18184
-2.09817
-1.97569
-1.80506
-1.5648
-1.22001
-0.695838
0.110058
-0.350228
-0.729061
-1.03899
-1.29012
-1.4876
-1.63848
-1.74681
-1.81809
-1.85646
-1.8638
-1.84297
-1.79131
-1.70525
-1.57944
-1.40527
-1.16925
-0.852201
-0.413741
-0.174907
-0.42273
-0.66165
-0.874163
-1.05522
-1.20369
-1.32071
-1.40772
-1.46712
-1.50025
-1.50867
-1.49275
-1.44987
-1.37598
-1.26637
-1.11293
-0.906475
-0.635448
-0.277761
-0.545607
-0.585096
-0.676883
-0.783897
-0.888243
-0.981779
-1.06012
-1.12161
-1.16575
-1.19149
-1.19964
-1.18882
-1.15648
-1.09847
-1.01058
-0.885121
-0.715026
-0.491988
-0.202775
-0.924112
-0.799305
-0.759115
-0.7642
-0.79125
-0.827257
-0.863797
-0.896276
-0.921679
-0.936952
-0.941789
-0.933554
-0.909627
-0.865882
-0.798537
-0.700374
-0.565435
-0.386722
-0.15499
-1.30876
-1.07971
-0.930792
-0.839196
-0.786263
-0.758661
-0.746476
-0.743034
-0.743314
-0.742535
-0.738888
-0.728675
-0.708862
-0.675286
-0.624333
-0.549343
-0.444949
-0.304695
-0.120927
-1.53685
-1.28012
-1.07357
-0.917294
-0.803981
-0.724516
-0.670391
-0.634493
-0.610891
-0.59384
-0.580287
-0.565873
-0.54716
-0.520042
-0.48106
-0.424294
-0.344943
-0.237132
-0.0941344
-1.7261
-1.46418
-1.22685
-1.02527
-0.862832
-0.736956
-0.64267
-0.573997
-0.525047
-0.489673
-0.463786
-0.44249
-0.421859
-0.397726
-0.366656
-0.323391
-0.263603
-0.182001
-0.0725747
-1.92546
-1.6704
-1.41531
-1.17882
-0.972939
-0.802199
-0.666499
-0.562356
-0.484826
-0.427823
-0.386456
-0.355257
-0.329657
-0.305216
-0.278328
-0.244207
-0.198882
-0.137635
-0.0551271
-1.9945
-1.7745
-1.52879
-1.28316
-1.05603
-0.858062
-0.693942
-0.563404
-0.463281
-0.388287
-0.333405
-0.292976
-0.262046
-0.236005
-0.211125
-0.183038
-0.148138
-0.102338
-0.0410712
-2.03095
-1.84594
-1.61812
-1.37383
-1.13536
-0.918457
-0.73215
-0.579595
-0.459742
-0.368448
-0.30093
-0.251486
-0.214878
-0.186306
-0.161879
-0.1375
-0.109829
-0.0753244
-0.0301528
-2.05679
-1.90177
-1.69315
-1.45501
-1.21105
-0.980716
-0.776772
-0.605671
-0.468582
-0.36265
-0.283549
-0.225617
-0.183389
-0.151854
-0.126922
-0.104624
-0.0817898
-0.0552953
-0.0219324
-2.04092
-1.91823
-1.73223
-1.50615
-1.26407
-1.02783
-0.813086
-0.629174
-0.479391
-0.362228
-0.274004
-0.209229
-0.16234
-0.128178
-0.10249
-0.0813713
-0.0617614
-0.040853
-0.0159353
-1.97755
-1.88702
-1.72659
-1.5179
-1.28467
-1.05016
-0.83203
-0.641897
-0.484913
-0.360853
-0.266771
-0.197482
-0.147471
-0.111537
-0.0853458
-0.0650513
-0.0476833
-0.0306726
-0.0116869
-1.8945
-1.82584
-1.68873
-1.49889
-1.27823
-1.05034
-0.834146
-0.642928
-0.483307
-0.356148
-0.259197
-0.187625
-0.136048
-0.0993088
-0.0730648
-0.0535377
-0.0378442
-0.0235972
-0.00874305
-1.82789
-1.7766
-1.65656
-1.48071
-1.26949
-1.04666
-0.832161
-0.640509
-0.479414
-0.350514
-0.252013
-0.179299
-0.12705
-0.0901138
-0.0641289
-0.045357
-0.0309734
-0.0187182
-0.00673254
-1.67838
-1.65359
-1.55784
-1.40397
-1.21128
-1.00297
-0.799286
-0.615368
-0.459697
-0.33459
-0.238762
-0.167993
-0.117225
-0.0815088
-0.0566268
-0.0389888
-0.0258945
-0.0152329
-0.00533025
-1.49883
-1.49629
-1.42446
-1.29407
-1.12306
-0.933624
-0.745676
-0.574398
-0.428601
-0.311041
-0.220855
-0.15426
-0.106562
-0.0731354
-0.0500157
-0.0338365
-0.0220627
-0.0127334
-0.00435146
-1.29922
-1.3116
-1.26101
-1.15439
-1.00747
-0.840725
-0.673006
-0.518888
-0.387058
-0.280477
-0.198619
-0.138189
-0.0949644
-0.0647632
-0.0439884
-0.0295853
-0.0192261
-0.0110787
-0.00374666
-1.06396
-1.08422
-1.05284
-0.972213
-0.854457
-0.716929
-0.576311
-0.445711
-0.333239
-0.2419
-0.171537
-0.11952
-0.0822787
-0.05627
-0.0384315
-0.0261569
-0.0174133
-0.0105014
-0.00389935
-0.78507
-0.774641
-0.728846
-0.652778
-0.557433
-0.455352
-0.357172
-0.270097
-0.197887
-0.141152
-0.0986977
-0.0681676
-0.0468505
-0.0322928
-0.0225008
-0.0158902
-0.0112366
-0.00743481
-0.00324725
-0.525532
-0.575061
-0.603653
-0.600342
-0.564789
-0.504092
-0.428942
-0.349801
-0.275114
-0.209956
-0.156533
-0.114913
-0.0835642
-0.0606377
-0.0442878
-0.0329245
-0.0251542
-0.0197834
-0.0153663
-0.175222
-0.192995
-0.210866
-0.222214
-0.223355
-0.213553
-0.194652
-0.169748
-0.142575
-0.11618
-0.0925395
-0.0728083
-0.056876
-0.0443654
-0.03472
-0.0275663
-0.022466
-0.0191335
-0.01702
0.17739
0.158887
0.124464
0.0810989
0.0368418
-0.0015997
-0.0302994
-0.0482181
-0.0567755
-0.0584842
-0.0558582
-0.0511981
-0.0456509
-0.0399337
-0.0343784
-0.0294287
-0.0253109
-0.0223156
-0.0204158
0.52481
0.499717
0.446388
0.372721
0.289721
0.208263
0.136585
0.0790439
0.036343
0.00673274
-0.012466
-0.0242858
-0.0307988
-0.033521
-0.0334107
-0.0315683
-0.0288767
-0.0263506
-0.0244984
0.830034
0.790792
0.717144
0.617788
0.504794
0.390837
0.28635
0.197633
0.126918
0.0732384
0.0341096
0.00622723
-0.012955
-0.0253296
-0.0320256
-0.034406
-0.0337489
-0.0318152
-0.0297788
1.13305
1.07273
0.975013
0.849172
0.708016
0.565157
0.432108
0.316174
0.220518
0.144724
0.0865248
0.0424558
0.00962715
-0.0140709
-0.029608
-0.03813
-0.0407539
-0.0397889
-0.0373096
1.34481
1.26209
1.14485
1.00194
0.845518
0.688161
0.540632
0.409916
0.299406
0.209063
0.137029
0.0799776
0.0349361
-0.00027202
-0.0261977
-0.0432285
-0.0512891
-0.052338
-0.0490908
1.52807
1.42686
1.2912
1.13283
0.963855
0.795677
0.637882
0.496676
0.375281
0.273786
0.190639
0.122601
0.0664927
0.0197293
-0.0182247
-0.0471821
-0.0650086
-0.0716161
-0.0689028
1.68268
1.55736
1.40319
1.23207
1.05488
0.881087
0.718527
0.572197
0.444847
0.336537
0.246021
0.170276
0.105958
0.0497864
0.000467396
-0.0425413
-0.0756103
-0.0952835
-0.0976321
1.76126
1.60154
1.42248
1.235
1.04815
0.86921
0.704033
0.556169
0.427535
0.317867
0.225791
0.148392
0.0821468
0.0230112
-0.0318813
-0.0854011
-0.135975
-0.180298
-0.211198
1.78896
1.61781
1.44097
1.26559
1.09613
0.935881
0.787594
0.653021
0.533326
0.428581
0.338272
0.260999
0.194686
0.136735
0.0844219
0.0337343
-0.0183271
-0.0747451
-0.136318
1.7958
1.62136
1.45202
1.28861
1.13195
0.983444
0.84471
0.717095
0.601746
0.499027
0.408899
0.3308
0.263429
0.205397
0.155349
0.111544
0.072401
0.0360214
-6.26327e-05
1.66137
1.4638
1.28365
1.11753
0.964303
0.823986
0.696868
0.583055
0.482514
0.394597
0.318476
0.253072
0.19682
0.148304
0.106377
0.0699692
0.0384354
0.0116197
-0.0107499
1.43033
1.25559
1.09836
0.955128
0.824406
0.705654
0.598635
0.503057
0.418625
0.344624
0.280296
0.224728
0.17664
0.134887
0.0985272
0.0666266
0.0385114
0.0138824
-0.00764125
1.16916
1.02589
0.896159
0.778303
0.671344
0.574727
0.488052
0.410874
0.342794
0.283105
0.231132
0.186094
0.146941
0.112743
0.0827531
0.0562195
0.0326172
0.0117426
-0.00668209
0.869336
0.760565
0.66299
0.575159
0.496042
0.424964
0.361424
0.304949
0.255147
0.211432
0.173286
0.140122
0.111169
0.085757
0.0633602
0.0434474
0.0256658
0.00990584
-0.00400938
0.54277
0.470454
0.407921
0.352831
0.303829
0.260141
0.221265
0.186799
0.156441
0.12979
0.106508
0.0862235
0.0684591
0.0528021
0.0389369
0.0265431
0.0154167
0.00551086
-0.00326204
0.207059
0.177236
0.152567
0.131238
0.112432
0.0957582
0.0809952
0.0679795
0.0565848
0.0466483
0.0380275
0.030565
0.0240673
0.0183637
0.0133193
0.00880054
0.00471761
0.00104146
-0.00226405
-0.20696
-0.177008
-0.15225
-0.130864
-0.112026
-0.0953401
-0.0805813
-0.0675819
-0.0562123
-0.0463072
-0.0377217
-0.0302967
-0.0238378
-0.0181737
-0.0131691
-0.00869023
-0.00464713
-0.00101014
0.00225727
-0.542675
-0.470249
-0.407639
-0.352499
-0.303471
-0.259774
-0.220902
-0.186453
-0.156119
-0.129497
-0.106249
-0.0859999
-0.0682719
-0.0526518
-0.0388236
-0.0264669
-0.0153772
-0.0055076
0.00323018
-0.869239
-0.760362
-0.662711
-0.57483
-0.495682
-0.424593
-0.361057
-0.304596
-0.254818
-0.211133
-0.17302
-0.139891
-0.110973
-0.0855946
-0.0632302
-0.0433482
-0.0255957
-0.00986277
0.00402725
-1.16909
-1.02574
-0.895951
-0.77806
-0.671081
-0.574459
-0.487791
-0.41063
-0.342573
-0.282911
-0.230966
-0.185956
-0.14683
-0.112657
-0.0826905
-0.0561789
-0.0325979
-0.0117439
0.00666132
-1.43027
-1.25548
-1.0982
-0.954941
-0.824206
-0.705453
-0.598445
-0.502884
-0.418474
-0.344496
-0.28019
-0.224641
-0.17657
-0.134831
-0.0984843
-0.0665971
-0.0384965
-0.0138818
0.00762947
-1.66135
-1.46375
-1.28356
-1.11742
-0.964184
-0.823873
-0.696769
-0.582974
-0.482452
-0.394551
-0.318443
-0.25305
-0.196806
-0.148298
-0.106383
-0.0699882
-0.038466
-0.0116542
0.0107215
-1.79578
-1.62117
-1.45165
-1.28807
-1.13127
-0.982664
-0.843872
-0.716236
-0.600894
-0.498204
-0.408117
-0.330065
-0.262743
-0.204759
-0.154757
-0.111004
-0.0719272
-0.0356586
0.000232609
-1.78925
-1.61858
-1.44223
-1.26728
-1.09818
-0.938181
-0.790048
-0.655534
-0.535816
-0.430991
-0.340568
-0.263172
-0.196748
-0.138721
-0.0863785
-0.0357231
0.0162558
0.0725795
0.134139
-1.76112
-1.60116
-1.4219
-1.23424
-1.04728
-0.868267
-0.703058
-0.555194
-0.426584
-0.316956
-0.224932
-0.147593
-0.0814116
-0.0223352
0.0325163
0.086034
0.136683
0.181194
0.212434
-1.68278
-1.55759
-1.40356
-1.23255
-1.05544
-0.881693
-0.71915
-0.572805
-0.445418
-0.33706
-0.246492
-0.170698
-0.106333
-0.0501117
-0.000726771
0.0423818
0.0755876
0.0954035
0.0978279
-1.52812
-1.427
-1.29144
-1.13315
-0.964243
-0.796108
-0.638326
-0.49711
-0.375687
-0.274155
-0.190967
-0.122886
-0.0667308
-0.0199131
0.0181084
0.0471513
0.0650741
0.0717607
0.0690665
-1.34486
-1.26225
-1.14511
-1.00228
-0.845922
-0.688601
-0.541077
-0.410341
-0.299793
-0.209404
-0.13732
-0.080213
-0.0351119
0.000160745
0.0261519
0.0432432
0.0513538
0.0524416
0.0492121
-1.13312
-1.0729
-0.97528
-0.849525
-0.708432
-0.565602
-0.432549
-0.316584
-0.22088
-0.145031
-0.0867733
-0.042644
-0.00975335
0.0140067
0.0295993
0.0381612
0.0408066
0.039855
0.0373928
-0.830095
-0.79096
-0.717405
-0.61813
-0.50519
-0.391252
-0.28675
-0.197995
-0.127228
-0.0734912
-0.0343049
-0.00636715
0.0128677
0.0252909
0.0320271
0.0344338
0.033788
0.0318592
0.0298329
-0.524884
-0.499894
-0.446664
-0.373076
-0.290117
-0.208663
-0.136959
-0.0793698
-0.0366112
-0.00694104
0.0123137
0.0241833
0.0307389
0.0334965
0.0334133
0.0315887
0.0289055
0.0263827
0.024537
-0.177455
-0.159053
-0.124734
-0.0814398
-0.0372098
0.00124225
0.0299795
0.0479511
0.0565668
0.058332
0.0557552
0.0511356
0.0456199
0.0399262
0.0343877
0.0294495
0.0253375
0.0223429
0.0204442
0.17507
0.192564
0.210176
0.221358
0.222445
0.21268
0.19388
0.169109
0.142074
0.115807
0.0922736
0.0726269
0.0567576
0.044292
0.0346777
0.027546
0.0224612
0.0191399
0.0170336
0.525628
0.575416
0.604267
0.601163
0.565731
0.505059
0.429855
0.35061
0.275795
0.210509
0.156968
0.115249
0.0838194
0.0608309
0.0444353
0.0330402
0.0252491
0.0198667
0.015437
0.784951
0.774247
0.728213
0.651987
0.556581
0.454526
0.356432
0.269474
0.197391
0.140773
0.0984177
0.0679661
0.0467082
0.0321937
0.0224327
0.0158444
0.0112069
0.00741812
0.00324253
1.06402
1.08432
1.053
0.972392
0.854629
0.71708
0.576434
0.445805
0.333306
0.241945
0.171565
0.119534
0.0822844
0.0562706
0.0384298
0.026155
0.0174119
0.0104999
0.00389864
1.29922
1.3116
1.26101
1.15439
1.00747
0.840718
0.673001
0.518884
0.387055
0.280474
0.198615
0.138184
0.094958
0.0647568
0.0439828
0.0295813
0.0192238
0.0110777
0.00374626
1.49883
1.49628
1.42446
1.29407
1.12305
0.933618
0.745672
0.574396
0.4286
0.311039
0.220852
0.154255
0.106557
0.0731309
0.0500119
0.0338338
0.0220613
0.0127333
0.00435147
1.67838
1.65359
1.55784
1.40397
1.21128
1.00297
0.799283
0.615366
0.459695
0.334588
0.23876
0.16799
0.117222
0.0815064
0.0566249
0.0389874
0.0258939
0.0152331
0.0053303
1.82789
1.7766
1.65656
1.48071
1.26949
1.04666
0.83216
0.640509
0.479414
0.350513
0.252012
0.179298
0.127049
0.0901132
0.0641283
0.0453564
0.030973
0.0187184
0.0067326
1.8945
1.82584
1.68873
1.4989
1.27824
1.05034
0.834147
0.642929
0.483308
0.356148
0.259198
0.187625
0.136049
0.0993094
0.0730647
0.0535371
0.0378436
0.023597
0.00874298
1.97755
1.88702
1.72659
1.5179
1.28468
1.05017
0.832033
0.641899
0.484916
0.360856
0.266774
0.197485
0.147473
0.111538
0.0853457
0.0650504
0.0476822
0.0306719
0.0116866
2.04092
1.91823
1.73222
1.50616
1.26407
1.02784
0.813093
0.62918
0.479397
0.362234
0.274009
0.209233
0.162343
0.128179
0.102489
0.0813698
0.0617598
0.0408517
0.0159348
2.05678
1.90177
1.69314
1.45501
1.21105
0.980723
0.776779
0.605678
0.46859
0.362658
0.283556
0.225622
0.183391
0.151854
0.12692
0.104622
0.0817878
0.0552934
0.0219318
2.03095
1.84594
1.61812
1.37383
1.13536
0.918465
0.732159
0.579604
0.459752
0.368458
0.300938
0.251491
0.214879
0.186304
0.161876
0.137498
0.109827
0.0753224
0.0301523
1.9945
1.77451
1.5288
1.28317
1.05603
0.858072
0.693953
0.563415
0.463292
0.388297
0.333412
0.292979
0.262046
0.236002
0.211122
0.183037
0.148138
0.102337
0.041071
1.92546
1.6704
1.4153
1.17882
0.972939
0.802202
0.666504
0.562362
0.484832
0.427828
0.386459
0.355256
0.329654
0.305212
0.278326
0.244208
0.198884
0.137635
0.0551272
1.72611
1.4642
1.22687
1.02528
0.862839
0.73696
0.642674
0.574001
0.525049
0.489674
0.463784
0.442487
0.421855
0.397724
0.366657
0.323396
0.263607
0.182001
0.0725752
1.53687
1.28014
1.07358
0.917305
0.803987
0.724518
0.67039
0.634491
0.610887
0.593835
0.580282
0.565868
0.547157
0.520042
0.481065
0.424301
0.344948
0.237133
0.0941349
1.30877
1.07972
0.930802
0.839204
0.786267
0.758659
0.74647
0.743026
0.743305
0.742525
0.738881
0.728671
0.708862
0.67529
0.624339
0.549349
0.444952
0.304696
0.120927
0.924125
0.799309
0.759118
0.764203
0.791249
0.827251
0.863787
0.896264
0.921667
0.936941
0.941782
0.933552
0.90963
0.865888
0.798541
0.700374
0.565433
0.386722
0.15499
0.545617
0.585098
0.676882
0.783895
0.888238
0.981772
1.06011
1.1216
1.16574
1.19148
1.19964
1.18882
1.15649
1.09847
1.01058
0.885111
0.715017
0.491986
0.202775
0.174913
0.422731
0.661646
0.874154
1.05521
1.20368
1.3207
1.40771
1.46712
1.50025
1.50867
1.49275
1.44988
1.37598
1.26636
1.11291
0.906461
0.635447
0.27776
-0.110055
0.35023
0.729056
1.03898
1.29011
1.4876
1.63847
1.7468
1.81809
1.85646
1.8638
1.84298
1.7913
1.70524
1.57942
1.40525
1.16923
0.852202
0.41374
-0.245662
0.376819
0.868094
1.25971
1.57139
1.81113
1.99121
2.11763
2.1992
2.2434
2.25238
2.23257
2.18183
2.09815
1.97568
1.80505
1.56481
1.22002
0.695836
-0.209869
0.487172
1.05172
1.50542
1.86658
2.14149
2.3464
2.48892
2.58144
2.63589
2.65527
2.65131
2.6246
2.57729
2.50451
2.39722
2.22181
1.9158
1.34623
-0.0419724
0.64477
1.24491
1.7415
2.14041
2.44275
2.66754
2.82463
2.93038
3.00334
3.04892
3.08711
3.12732
3.18292
3.25628
3.34762
3.41393
3.35809
2.96226
0.159282
0.797903
1.41324
1.93913
2.36423
2.68499
2.92236
3.09155
3.21201
3.31427
3.40792
3.52653
3.70677
3.99859
4.45831
5.21251
6.44529
8.5437
12.3035
)
;

boundaryField
{
    up
    {
        type            calculated;
        value           nonuniform List<scalar> 
84
(
-12.3035
-2.96226
-1.34623
-0.695838
-0.413741
-0.277761
-0.202775
-0.15499
-0.120927
-0.0941344
-0.0725747
-0.0551271
-0.0410712
-0.0301528
-0.0219324
-0.0159353
-0.0116869
-0.00874305
-0.00673254
-0.00533025
-0.00435146
-0.00374666
-0.00389935
-0.00324725
-0.0128316
-0.015469
-0.0188168
-0.0225224
-0.0271258
-0.0335383
-0.0433304
-0.0588376
-0.0808869
-0.202648
-0.138459
-0.000162421
-0.010573
-0.00752522
-0.00661226
-0.00397783
-0.00324699
-0.00225912
0.00225238
0.00321532
0.00399587
0.00659193
0.00751398
0.0105454
0.000329115
0.136264
0.20407
0.0810392
0.0589551
0.0434407
0.0336251
0.0271823
0.0225619
0.0188468
0.0154846
0.0128882
0.00324253
0.00389864
0.00374626
0.00435147
0.0053303
0.0067326
0.00874298
0.0116866
0.0159348
0.0219318
0.0301523
0.041071
0.0551272
0.0725752
0.0941349
0.120927
0.15499
0.202775
0.27776
0.41374
0.695836
1.34623
2.96226
12.3035
)
;
    }
    low
    {
        type            calculated;
        value           nonuniform List<scalar> 
84
(
-0.14293
0.0672498
0.24954
0.287437
0.135466
-0.17945
-0.581801
-0.983271
-1.37622
-1.59274
-1.77708
-1.97015
-2.02062
-2.0469
-2.06732
-2.04123
-1.96834
-1.88319
-1.80978
-1.64538
-1.45655
-1.25214
-1.01419
-0.738826
-0.48716
-0.160925
0.161006
0.484954
0.781184
1.08809
1.3127
1.506
1.67324
1.76647
1.80477
1.82378
1.70124
1.46984
1.20291
0.89538
0.559671
0.214025
-0.213925
-0.559574
-0.895277
-1.20283
-1.46977
-1.7012
-1.82374
-1.80501
-1.76632
-1.67331
-1.50605
-1.31275
-1.08815
-0.781242
-0.485028
-0.161071
0.160778
0.487255
0.738718
1.01424
1.25215
1.45655
1.64537
1.80977
1.88318
1.96833
2.04122
2.06731
2.0469
2.02062
1.97015
1.7771
1.59276
1.37624
0.983285
0.581812
0.179456
-0.135462
-0.287437
-0.249543
-0.0672527
0.142931
)
;
    }
    left
    {
        type            calculated;
        value           nonuniform List<scalar> 
19
(
-0.143467
-0.772404
-1.40432
-1.95189
-2.39791
-2.73528
-2.98596
-3.16713
-3.298
-3.41549
-3.52901
-3.67507
-3.90063
-4.27025
-4.85304
-5.82362
-7.43591
-10.2293
-10.6676
)
;
    }
    right
    {
        type            calculated;
        value           nonuniform List<scalar> 
19
(
0.143468
0.772408
1.40433
1.95189
2.39791
2.73528
2.98596
3.16713
3.298
3.41549
3.52901
3.67507
3.90063
4.27026
4.85305
5.82363
7.43593
10.2293
10.6676
)
;
    }
    frontAndBackPlanes
    {
        type            empty;
    }
}


// ************************************************************************* //
