/*--------------------------------*- C++ -*----------------------------------*\
  =========                 |
  \\      /  F ield         | OpenFOAM: The Open Source CFD Toolbox
   \\    /   O peration     | Website:  https://openfoam.org
    \\  /    A nd           | Version:  7
     \\/     M anipulation  |
\*---------------------------------------------------------------------------*/
FoamFile
{
    version     2.0;
    format      ascii;
    class       volScalarField;
    location    "0.108";
    object      gradTx;
}
// * * * * * * * * * * * * * * * * * * * * * * * * * * * * * * * * * * * * * //

dimensions      [0 -1 0 1 0 0 0];

internalField   nonuniform List<scalar> 
1596
(
-0.0757526
-0.379581
-0.673826
-0.927808
-1.13603
-1.29591
-1.4163
-1.50349
-1.56639
-1.61995
-1.66946
-1.73217
-1.82686
-1.97851
-2.21474
-2.59779
-3.21877
-4.27074
-6.15179
0.0191517
-0.309032
-0.596888
-0.837106
-1.03255
-1.18311
-1.29693
-1.37783
-1.43305
-1.47143
-1.49581
-1.51648
-1.53874
-1.56973
-1.61079
-1.66162
-1.6999
-1.67603
-1.48042
0.0981543
-0.237904
-0.510651
-0.731335
-0.908965
-1.04615
-1.15001
-1.2234
-1.27165
-1.30024
-1.31052
-1.30852
-1.29503
-1.27175
-1.23683
-1.18599
-1.10217
-0.953293
-0.67194
0.114456
-0.189475
-0.429452
-0.621675
-0.776039
-0.896246
-0.987784
-1.05296
-1.09545
-1.11852
-1.12295
-1.11196
-1.0848
-1.04105
-0.978489
-0.893125
-0.774562
-0.605063
-0.346399
0.0487149
-0.180068
-0.368036
-0.522194
-0.647892
-0.747674
-0.824773
-0.880786
-0.917965
-0.937952
-0.941346
-0.929448
-0.901047
-0.854768
-0.788568
-0.698974
-0.579969
-0.422282
-0.205387
-0.0894374
-0.216769
-0.338453
-0.44644
-0.538612
-0.614587
-0.674937
-0.720218
-0.751361
-0.768733
-0.772798
-0.763528
-0.739569
-0.699058
-0.640077
-0.559311
-0.453022
-0.316151
-0.137874
-0.269915
-0.295697
-0.346366
-0.403588
-0.458669
-0.507799
-0.548961
-0.5814
-0.604816
-0.618531
-0.622735
-0.6165
-0.598393
-0.566288
-0.518285
-0.451024
-0.361727
-0.247102
-0.101159
-0.454884
-0.399231
-0.385233
-0.392779
-0.41013
-0.430965
-0.451306
-0.469101
-0.482977
-0.491411
-0.49417
-0.489736
-0.476594
-0.4525
-0.415539
-0.362305
-0.290332
-0.196881
-0.0781215
-0.643325
-0.535183
-0.467341
-0.427395
-0.405498
-0.394944
-0.390975
-0.390597
-0.3916
-0.391762
-0.39026
-0.385132
-0.37468
-0.35658
-0.328855
-0.288117
-0.231907
-0.157505
-0.0618084
-0.75507
-0.632126
-0.535225
-0.463148
-0.411379
-0.375081
-0.350101
-0.333244
-0.321943
-0.313628
-0.306981
-0.299821
-0.290308
-0.276154
-0.255391
-0.224835
-0.182059
-0.124346
-0.0488418
-0.847666
-0.721448
-0.608873
-0.514195
-0.438055
-0.378659
-0.333509
-0.299965
-0.275549
-0.257603
-0.244407
-0.233625
-0.223251
-0.211016
-0.194957
-0.172138
-0.140198
-0.0964617
-0.0381618
-0.94506
-0.821979
-0.700492
-0.588577
-0.491015
-0.409385
-0.343501
-0.29194
-0.252761
-0.223444
-0.201977
-0.185852
-0.172826
-0.160559
-0.147033
-0.129536
-0.105799
-0.0732592
-0.0292419
-0.978276
-0.872376
-0.755488
-0.639106
-0.531115
-0.436016
-0.355908
-0.290936
-0.240071
-0.201272
-0.172545
-0.151375
-0.135399
-0.122256
-0.109914
-0.0959037
-0.0781233
-0.0542469
-0.0218224
-0.995406
-0.906835
-0.798989
-0.683529
-0.570161
-0.465789
-0.374605
-0.298436
-0.237347
-0.189937
-0.154404
-0.128282
-0.109122
-0.0945203
-0.0824036
-0.0704863
-0.0568225
-0.0393461
-0.0158929
-1.00719
-0.933619
-0.835668
-0.723727
-0.608049
-0.497254
-0.397325
-0.31173
-0.241689
-0.186527
-0.144743
-0.113952
-0.0916351
-0.075313
-0.0628405
-0.052038
-0.0410792
-0.0281336
-0.0113342
-0.998359
-0.940916
-0.854615
-0.749236
-0.635014
-0.521623
-0.416408
-0.324287
-0.247604
-0.186441
-0.139693
-0.105115
-0.0801646
-0.0623042
-0.0493181
-0.0390846
-0.029866
-0.0200278
-0.00797522
-0.966122
-0.924629
-0.851425
-0.755273
-0.646026
-0.53387
-0.427084
-0.331741
-0.251188
-0.186235
-0.136219
-0.0990888
-0.0723418
-0.0534181
-0.0400587
-0.0301804
-0.0221134
-0.0143771
-0.00560331
-0.92413
-0.893482
-0.832219
-0.746023
-0.643611
-0.535144
-0.429449
-0.333453
-0.251321
-0.184507
-0.13277
-0.0942662
-0.0665664
-0.0471189
-0.0336458
-0.0240948
-0.0168495
-0.0105452
-0.00398785
-0.890029
-0.867987
-0.815592
-0.737015
-0.639981
-0.534498
-0.429803
-0.333475
-0.250337
-0.182345
-0.129564
-0.0902971
-0.0621384
-0.0425185
-0.029126
-0.0199148
-0.0132982
-0.00798914
-0.00291614
-0.815482
-0.806141
-0.76578
-0.698493
-0.611176
-0.513321
-0.414181
-0.321666
-0.241066
-0.17477
-0.123166
-0.0847723
-0.057307
-0.0382793
-0.0254273
-0.0167657
-0.0107694
-0.00623511
-0.00219885
-0.726584
-0.72766
-0.698862
-0.643299
-0.567016
-0.478803
-0.387629
-0.301409
-0.225655
-0.163041
-0.114204
-0.0778886
-0.0519794
-0.0341246
-0.0221706
-0.0142366
-0.00888444
-0.00499812
-0.00171176
-0.628375
-0.6362
-0.617348
-0.573252
-0.508827
-0.43189
-0.350813
-0.273175
-0.204432
-0.147367
-0.102783
-0.0696517
-0.0460712
-0.0298953
-0.0191456
-0.0120983
-0.00743395
-0.00412798
-0.00139116
-0.51348
-0.524567
-0.514308
-0.482191
-0.431545
-0.36872
-0.300999
-0.235169
-0.176315
-0.127156
-0.088607
-0.0599221
-0.0395052
-0.0255232
-0.0162725
-0.0102671
-0.00635858
-0.00363176
-0.00131779
-0.378223
-0.373891
-0.355022
-0.322809
-0.280833
-0.233875
-0.18665
-0.142957
-0.105338
-0.0748457
-0.0514937
-0.0344691
-0.0225548
-0.0145144
-0.00927022
-0.00593304
-0.0038211
-0.00236311
-0.000998977
-0.253042
-0.277899
-0.295175
-0.298634
-0.286305
-0.259952
-0.223962
-0.183602
-0.143833
-0.108146
-0.0784556
-0.0552886
-0.0380424
-0.0257389
-0.017294
-0.011724
-0.00818244
-0.00598799
-0.0044857
-0.0844566
-0.0934892
-0.103277
-0.110476
-0.112885
-0.1096
-0.10108
-0.0886544
-0.0742677
-0.0597203
-0.0463517
-0.0350424
-0.0259238
-0.0188814
-0.0136265
-0.00989568
-0.00738244
-0.0058568
-0.00504176
0.0850199
0.075606
0.0591694
0.0387091
0.0176474
-0.000981016
-0.0151598
-0.0240867
-0.0281922
-0.0285911
-0.0265654
-0.0233998
-0.0198179
-0.0162992
-0.0130783
-0.0103795
-0.00828876
-0.00689099
-0.00609588
0.252278
0.239657
0.215116
0.18181
0.143956
0.105978
0.071619
0.0432718
0.0217787
0.00673468
-0.00291858
-0.0086318
-0.0115068
-0.012427
-0.0119921
-0.0108271
-0.00940523
-0.00820203
-0.00739078
0.399814
0.380436
0.346707
0.302106
0.251077
0.198544
0.14901
0.105681
0.0702042
0.0427454
0.0225661
0.00826693
-0.00137696
-0.00739645
-0.0104868
-0.0114512
-0.011015
-0.0100804
-0.00919833
0.547163
0.517917
0.473111
0.416416
0.352555
0.286763
0.223903
0.167545
0.119769
0.0810803
0.0509867
0.0281524
0.0112931
-0.000667473
-0.00832313
-0.0123891
-0.0135551
-0.0130719
-0.0120159
0.651159
0.611213
0.55707
0.492191
0.421101
0.348593
0.279106
0.215921
0.161098
0.115274
0.0781801
0.0486315
0.0253987
0.00745173
-0.00554043
-0.0139006
-0.0177398
-0.0182124
-0.0168227
0.741943
0.693126
0.63004
0.557516
0.480199
0.402441
0.328141
0.26012
0.200232
0.149072
0.106486
0.0713603
0.0424308
0.0185384
-0.000575408
-0.014912
-0.0235399
-0.0266581
-0.0255492
0.819186
0.758674
0.68641
0.607325
0.525631
0.444915
0.368309
0.297997
0.235484
0.18122
0.135117
0.0961516
0.063017
0.0342745
0.00936089
-0.0120363
-0.0281862
-0.037612
-0.0388176
0.859417
0.781998
0.697104
0.609274
0.522026
0.43809
0.359776
0.288593
0.225569
0.17088
0.124262
0.0846806
0.0507176
0.0205712
-0.00706424
-0.0336016
-0.0582223
-0.079288
-0.093186
0.874629
0.791576
0.707459
0.625137
0.546054
0.471148
0.401272
0.337004
0.278859
0.227004
0.181436
0.141768
0.10726
0.0768568
0.0493782
0.0229206
-0.00391641
-0.0324924
-0.0629412
0.879342
0.794759
0.714192
0.637458
0.56432
0.494882
0.429513
0.368627
0.312716
0.26204
0.216755
0.176815
0.1418
0.111218
0.0845534
0.0610402
0.0399477
0.02035
0.000993468
0.814373
0.718393
0.632125
0.553384
0.481085
0.4148
0.354375
0.299716
0.250793
0.207369
0.169173
0.135837
0.106736
0.0812927
0.059039
0.0395125
0.0224368
0.00777015
-0.004621
0.70157
0.616691
0.541301
0.473261
0.411429
0.355207
0.30425
0.258302
0.217204
0.180662
0.148406
0.120109
0.0952526
0.0733714
0.0540825
0.0369858
0.0217939
0.00840361
-0.00335065
0.573665
0.504115
0.44186
0.385771
0.335062
0.289217
0.24787
0.21072
0.177558
0.14808
0.12203
0.0991133
0.0788993
0.061005
0.0451275
0.0309455
0.0182394
0.0069479
-0.0030452
0.426614
0.373831
0.326978
0.285125
0.24756
0.213787
0.183444
0.15624
0.131974
0.110387
0.0912755
0.0744128
0.0594799
0.0461999
0.0343624
0.0237422
0.0141957
0.00569863
-0.00182044
0.266368
0.231261
0.201203
0.174918
0.151623
0.13084
0.112258
0.0956458
0.0808496
0.0676885
0.0560269
0.0457176
0.0365616
0.0283874
0.0210688
0.0144704
0.00851034
0.00318432
-0.00154116
0.101615
0.0871236
0.0752476
0.0650503
0.0560874
0.0481327
0.0410553
0.0347645
0.0291981
0.0242834
0.0199617
0.0161692
0.0128232
0.00985067
0.00719494
0.00479729
0.00261945
0.000653022
-0.00111673
-0.101567
-0.0870118
-0.0750913
-0.0648645
-0.0558841
-0.0479217
-0.0408446
-0.0345603
-0.0290052
-0.0241052
-0.0198007
-0.0160269
-0.0127007
-0.00974869
-0.00711384
-0.00473735
-0.00258081
-0.000635405
0.00111384
-0.266321
-0.23116
-0.201063
-0.174752
-0.151443
-0.130654
-0.112073
-0.0954676
-0.0806823
-0.0675353
-0.0558898
-0.0455981
-0.0364604
-0.0283053
-0.0210062
-0.0144276
-0.00848739
-0.00318097
0.0015255
-0.426566
-0.373731
-0.326839
-0.284959
-0.247379
-0.213599
-0.183256
-0.156058
-0.131803
-0.11023
-0.0911344
-0.0742886
-0.0593732
-0.0461106
-0.0342903
-0.0236869
-0.0141564
-0.00567458
0.00183035
-0.573626
-0.504039
-0.441756
-0.385648
-0.334928
-0.289079
-0.247734
-0.210591
-0.177439
-0.147973
-0.121936
-0.0990337
-0.0788338
-0.0609535
-0.0450896
-0.0309206
-0.0182269
-0.00694688
0.0030356
-0.701541
-0.616634
-0.541222
-0.473166
-0.411325
-0.355099
-0.304145
-0.258203
-0.217114
-0.180583
-0.148339
-0.120054
-0.0952091
-0.073339
-0.0540605
-0.0369731
-0.0217893
-0.00840553
0.00334425
-0.814364
-0.718364
-0.632078
-0.553324
-0.481018
-0.414732
-0.354311
-0.29966
-0.250747
-0.207334
-0.169149
-0.135824
-0.106732
-0.0812976
-0.0590513
-0.0395305
-0.0224576
-0.00778974
0.00460666
-0.879329
-0.794665
-0.714006
-0.637185
-0.563972
-0.494481
-0.429079
-0.36818
-0.312274
-0.261616
-0.216357
-0.176447
-0.141463
-0.110908
-0.0842661
-0.0607757
-0.039713
-0.0201682
-0.000907324
-0.874768
-0.791953
-0.708075
-0.62597
-0.547067
-0.472298
-0.402509
-0.338282
-0.280137
-0.228249
-0.182625
-0.142891
-0.108317
-0.0778599
-0.0503487
-0.0238889
0.00292553
0.0314756
0.0619426
-0.859342
-0.78181
-0.696807
-0.608889
-0.521575
-0.4376
-0.359269
-0.288088
-0.225079
-0.170414
-0.123825
-0.0842747
-0.0503425
-0.0202244
0.00739012
0.0339231
0.0585768
0.0797408
0.0938238
-0.81923
-0.758785
-0.686582
-0.607548
-0.525894
-0.445206
-0.368613
-0.298301
-0.235776
-0.18149
-0.135359
-0.096365
-0.0632007
-0.0344273
-0.00947772
0.0119679
0.0281811
0.0376777
0.0389372
-0.741969
-0.693193
-0.63015
-0.557664
-0.48038
-0.402645
-0.328357
-0.260336
-0.200438
-0.149259
-0.106649
-0.0714982
-0.0425422
-0.0186208
0.000527042
0.0149057
0.0235786
0.0267302
0.0256314
-0.651188
-0.611286
-0.557188
-0.49235
-0.421292
-0.348805
-0.279326
-0.216135
-0.161295
-0.115447
-0.0783253
-0.0487482
-0.0254874
-0.0075119
0.00551039
0.0139024
0.0177704
0.01826
0.0168689
-0.547193
-0.517994
-0.473237
-0.416586
-0.352758
-0.286983
-0.224125
-0.167755
-0.119955
-0.0812375
-0.0511131
-0.0282493
-0.0113626
0.00062357
0.00830362
0.012392
0.0135753
0.0131011
0.0120433
-0.399841
-0.380513
-0.346834
-0.302275
-0.251275
-0.198755
-0.149216
-0.105869
-0.0703651
-0.0428755
-0.0226662
-0.00833997
0.00132752
0.00736775
0.0104761
0.0114553
0.0110293
0.0100993
0.00921587
-0.25231
-0.239743
-0.215254
-0.18199
-0.14416
-0.106187
-0.0718152
-0.0434425
-0.0219176
-0.00684104
0.00284146
0.00857919
0.0114741
0.0124105
0.0119884
0.0108327
0.00941655
0.00821567
0.00740338
-0.0850495
-0.0756919
-0.0593076
-0.0388852
-0.0178409
0.000790902
0.0149899
0.023947
0.0280855
0.0285152
0.0265148
0.023369
0.0198019
0.0162941
0.0130811
0.0103874
0.00829916
0.00690224
0.00610645
0.0843837
0.0932735
0.102931
0.11004
0.112412
0.109141
0.100674
0.0883213
0.0740121
0.0595354
0.0462244
0.0349592
0.0258725
0.0188522
0.0136119
0.00989011
0.00738199
0.0058596
0.00504811
0.253087
0.278069
0.29548
0.29905
0.286789
0.260456
0.224441
0.184026
0.144185
0.108423
0.0786647
0.0554415
0.0381518
0.0258165
0.0173494
0.0117645
0.00821326
0.00601269
0.00450595
0.378165
0.373697
0.354708
0.322411
0.2804
0.233451
0.186267
0.142634
0.10508
0.0746485
0.0513492
0.0343667
0.0224846
0.0144678
0.00924032
0.00591451
0.00381012
0.00235724
0.000996974
0.513507
0.52462
0.514385
0.482279
0.431634
0.3688
0.301063
0.235215
0.176346
0.127174
0.0886165
0.0599261
0.0395064
0.0255232
0.0162722
0.0102669
0.00635855
0.0036319
0.00131805
0.628377
0.636202
0.617349
0.573252
0.508825
0.431886
0.350808
0.273168
0.204425
0.147362
0.102779
0.0696484
0.0460693
0.0298945
0.0191455
0.0120986
0.00743451
0.00412852
0.00139145
0.726586
0.727662
0.698864
0.643298
0.567015
0.478799
0.387624
0.301403
0.22565
0.163037
0.114201
0.0778869
0.0519788
0.0341248
0.0221713
0.0142376
0.00888544
0.00499887
0.00171202
0.815483
0.806143
0.765782
0.698493
0.611174
0.513317
0.414177
0.321661
0.241062
0.174767
0.123164
0.0847714
0.0573071
0.0382801
0.0254286
0.0167672
0.0107708
0.00623607
0.00219915
0.890031
0.867991
0.815595
0.737017
0.639982
0.534497
0.4298
0.333472
0.250334
0.182342
0.129563
0.0902969
0.062139
0.0425199
0.0291278
0.0199168
0.0133
0.00799033
0.00291647
0.924131
0.893486
0.832222
0.746025
0.643612
0.535143
0.429447
0.33345
0.251318
0.184506
0.132769
0.0942664
0.0665675
0.0471208
0.0336482
0.0240973
0.0168516
0.0105466
0.00398818
0.966123
0.924631
0.851427
0.755274
0.646026
0.53387
0.427082
0.33174
0.251186
0.186234
0.136219
0.0990896
0.0723435
0.0534206
0.0400616
0.0301833
0.0221157
0.0143784
0.00560355
0.998361
0.94092
0.854619
0.749239
0.635016
0.521624
0.416408
0.324286
0.247603
0.186441
0.139694
0.105116
0.0801669
0.0623072
0.0493213
0.0390875
0.029868
0.0200286
0.00797522
1.00718
0.93362
0.835671
0.723729
0.60805
0.497255
0.397324
0.311729
0.241689
0.186527
0.144744
0.113954
0.0916377
0.075316
0.0628433
0.05204
0.0410801
0.0281334
0.0113338
0.995407
0.906837
0.798992
0.683532
0.570163
0.46579
0.374605
0.298437
0.237347
0.189938
0.154405
0.128284
0.109124
0.0945225
0.0824049
0.0704864
0.0568213
0.0393444
0.0158921
0.978279
0.87238
0.755492
0.639109
0.531118
0.436018
0.35591
0.290937
0.240072
0.201273
0.172547
0.151377
0.1354
0.122256
0.109912
0.0959007
0.0781194
0.0542436
0.0218214
0.945058
0.821978
0.700491
0.588577
0.491015
0.409384
0.3435
0.29194
0.252761
0.223444
0.201978
0.185852
0.172825
0.160556
0.147028
0.12953
0.105792
0.0732547
0.029241
0.847671
0.721453
0.608877
0.514198
0.438057
0.37866
0.333511
0.299966
0.27555
0.257603
0.244406
0.233622
0.223246
0.211008
0.194947
0.172128
0.14019
0.0964571
0.0381614
0.755078
0.632132
0.535228
0.463149
0.41138
0.375082
0.350102
0.333245
0.321943
0.313626
0.306978
0.299815
0.290299
0.276143
0.255379
0.224824
0.182051
0.124343
0.0488423
0.643332
0.535187
0.467343
0.427396
0.405499
0.394945
0.390976
0.390597
0.391598
0.391758
0.390253
0.385122
0.374668
0.356567
0.328842
0.288108
0.231902
0.157504
0.0618099
0.454889
0.399233
0.385234
0.39278
0.410132
0.430966
0.451306
0.469099
0.482973
0.491404
0.494161
0.489725
0.476581
0.452487
0.415529
0.3623
0.290332
0.196884
0.0781235
0.269919
0.295699
0.346369
0.403592
0.458672
0.507801
0.54896
0.581397
0.604811
0.618523
0.622725
0.616488
0.598382
0.56628
0.518282
0.451025
0.361733
0.247108
0.101161
0.0894402
0.216773
0.338458
0.446445
0.538615
0.614588
0.674935
0.720214
0.751355
0.768725
0.772788
0.763519
0.739563
0.699057
0.640081
0.55932
0.453031
0.316157
0.137874
-0.0487133
0.180072
0.368042
0.522199
0.647895
0.747674
0.82477
0.880782
0.917959
0.937945
0.94134
0.929445
0.901048
0.854773
0.788578
0.698986
0.57998
0.422287
0.205386
-0.114456
0.189479
0.429456
0.621677
0.77604
0.896244
0.987781
1.05295
1.09545
1.11852
1.12295
1.11196
1.0848
1.04106
0.978502
0.893137
0.774569
0.605064
0.346396
-0.0981547
0.237905
0.510651
0.731334
0.908962
1.04615
1.15001
1.2234
1.27165
1.30024
1.31053
1.30853
1.29504
1.27177
1.23684
1.18599
1.10217
0.953289
0.671936
-0.0191514
0.309031
0.596884
0.837101
1.03255
1.18311
1.29693
1.37783
1.43305
1.47143
1.49582
1.51649
1.53875
1.56974
1.61079
1.66162
1.6999
1.67602
1.48042
0.0757536
0.37958
0.673823
0.927803
1.13602
1.29591
1.4163
1.50349
1.56639
1.61996
1.66947
1.73218
1.82687
1.97851
2.21474
2.59778
3.21877
4.27074
6.1518
)
;

boundaryField
{
    up
    {
        type            calculated;
        value           nonuniform List<scalar> 
84
(
-6.15179
-1.48042
-0.67194
-0.346399
-0.205387
-0.137874
-0.101159
-0.0781215
-0.0618084
-0.0488418
-0.0381618
-0.0292419
-0.0218224
-0.0158929
-0.0113342
-0.00797522
-0.00560331
-0.00398785
-0.00291614
-0.00219885
-0.00171176
-0.00139116
-0.00131779
-0.000998977
-0.00371272
-0.00453491
-0.00551227
-0.00664698
-0.00817042
-0.010497
-0.0143952
-0.0210638
-0.0308164
-0.0880763
-0.0634578
0.000966986
-0.00452368
-0.00328774
-0.00300753
-0.00180352
-0.00153316
-0.00111412
0.00111125
0.0015176
0.00181351
0.00299817
0.00328166
0.0045097
-0.000882405
0.062463
0.0888176
0.0309279
0.0211269
0.0144289
0.0105166
0.00818301
0.00665652
0.00552104
0.00454252
0.00372971
0.000996974
0.00131805
0.00139145
0.00171202
0.00219915
0.00291647
0.00398818
0.00560355
0.00797522
0.0113338
0.0158921
0.0218214
0.029241
0.0381614
0.0488423
0.0618099
0.0781235
0.101161
0.137874
0.205386
0.346396
0.671936
1.48042
6.1518
)
;
    }
    low
    {
        type            calculated;
        value           nonuniform List<scalar> 
84
(
-0.068041
0.0310167
0.1169
0.134338
0.0608945
-0.0916297
-0.287473
-0.48367
-0.676127
-0.782081
-0.872116
-0.966239
-0.990209
-1.00224
-1.01126
-0.997311
-0.960309
-0.917168
-0.879595
-0.79772
-0.704319
-0.60389
-0.487929
-0.354724
-0.233788
-0.0773355
0.076877
0.232397
0.375254
0.524227
0.634381
0.730077
0.813568
0.861107
0.88166
0.892478
0.83348
0.720625
0.589982
0.439223
0.274557
0.104994
-0.104945
-0.274509
-0.439172
-0.589938
-0.72059
-0.833463
-0.892457
-0.881777
-0.861034
-0.8136
-0.730098
-0.634407
-0.524256
-0.375282
-0.232431
-0.0769071
0.0772642
0.233832
0.35467
0.487951
0.603891
0.70432
0.79772
0.879596
0.91717
0.960311
0.997314
1.01126
1.00224
0.990213
0.966236
0.87212
0.782088
0.676132
0.483674
0.287477
0.0916328
-0.0608928
-0.134339
-0.116903
-0.0310185
0.0680414
)
;
    }
    left
    {
        type            calculated;
        value           nonuniform List<scalar> 
19
(
-0.0679887
-0.366694
-0.668388
-0.932434
-1.15059
-1.31854
-1.44552
-1.53874
-1.60695
-1.66827
-1.728
-1.80493
-1.9229
-2.11411
-2.41243
-2.90394
-3.71457
-5.11381
-5.33445
)
;
    }
    right
    {
        type            calculated;
        value           nonuniform List<scalar> 
19
(
0.0679899
0.366695
0.668386
0.93243
1.15059
1.31853
1.44552
1.53874
1.60695
1.66828
1.72801
1.80493
1.9229
2.1141
2.41242
2.90393
3.71456
5.1138
5.33446
)
;
    }
    frontAndBackPlanes
    {
        type            empty;
    }
}


// ************************************************************************* //
