/*--------------------------------*- C++ -*----------------------------------*\
  =========                 |
  \\      /  F ield         | OpenFOAM: The Open Source CFD Toolbox
   \\    /   O peration     | Website:  https://openfoam.org
    \\  /    A nd           | Version:  7
     \\/     M anipulation  |
\*---------------------------------------------------------------------------*/
FoamFile
{
    version     2.0;
    format      ascii;
    class       volScalarField;
    location    "0.26";
    object      gradTx;
}
// * * * * * * * * * * * * * * * * * * * * * * * * * * * * * * * * * * * * * //

dimensions      [0 -1 0 1 0 0 0];

internalField   nonuniform List<scalar> 
1596
(
-0.126864
-0.637017
-1.14216
-1.60011
-2.00869
-2.36734
-2.69256
-2.99495
-3.28878
-3.60159
-3.94087
-4.33975
-4.83754
-5.49204
-6.37192
-7.65129
-9.59971
-12.7999
-18.4566
0.0279591
-0.530106
-1.02698
-1.45828
-1.83475
-2.15894
-2.44574
-2.70039
-2.93357
-3.15952
-3.37956
-3.6114
-3.86117
-4.13818
-4.43491
-4.7378
-4.97078
-4.97913
-4.43491
0.154912
-0.433042
-0.913625
-1.31385
-1.65437
-1.94186
-2.18913
-2.39962
-2.58042
-2.73913
-2.87444
-2.99555
-3.09971
-3.18476
-3.23728
-3.23419
-3.11448
-2.77169
-1.99732
0.175326
-0.381492
-0.820821
-1.17932
-1.47916
-1.72878
-1.93818
-2.11009
-2.24899
-2.35871
-2.43768
-2.49024
-2.5122
-2.49905
-2.44005
-2.31665
-2.08961
-1.69491
-1.00826
0.0524902
-0.39854
-0.765221
-1.06843
-1.32219
-1.5329
-1.70673
-1.84564
-1.95205
-2.02739
-2.07074
-2.0835
-2.06222
-2.00265
-1.89781
-1.73471
-1.49022
-1.12768
-0.575578
-0.203212
-0.49281
-0.759234
-0.993698
-1.19558
-1.36575
-1.50552
-1.61548
-1.69619
-1.74727
-1.76847
-1.75925
-1.71713
-1.63861
-1.51957
-1.35104
-1.12004
-0.805869
-0.367969
-0.543488
-0.656593
-0.807769
-0.963458
-1.10815
-1.2354
-1.34132
-1.42437
-1.48323
-1.51602
-1.52272
-1.50147
-1.45045
-1.36672
-1.24793
-1.08769
-0.878961
-0.609995
-0.257878
-0.900056
-0.859204
-0.898084
-0.972816
-1.05819
-1.1412
-1.21329
-1.27041
-1.30941
-1.32708
-1.3232
-1.29496
-1.24086
-1.15825
-1.04577
-0.898599
-0.713005
-0.482264
-0.193433
-1.2691
-1.11893
-1.05784
-1.05109
-1.07273
-1.10634
-1.14026
-1.16802
-1.18482
-1.1862
-1.1713
-1.13661
-1.08054
-1.00047
-0.895363
-0.76129
-0.596179
-0.395976
-0.153146
-1.49047
-1.29988
-1.17956
-1.11427
-1.08541
-1.07769
-1.07885
-1.08112
-1.07858
-1.06606
-1.04195
-1.00245
-0.945735
-0.869283
-0.77214
-0.651043
-0.504792
-0.330907
-0.124916
-1.67062
-1.46281
-1.30683
-1.19822
-1.12684
-1.0812
-1.05057
-1.02706
-1.0044
-0.977021
-0.942705
-0.897437
-0.839157
-0.765294
-0.674789
-0.56475
-0.434319
-0.281841
-0.104578
-1.85389
-1.64439
-1.46623
-1.32368
-1.2142
-1.13126
-1.0671
-1.01492
-0.968839
-0.923316
-0.875705
-0.82188
-0.759473
-0.685769
-0.599458
-0.497778
-0.379866
-0.244393
-0.0894624
-1.90294
-1.72144
-1.54751
-1.39423
-1.26568
-1.16016
-1.07336
-1.00036
-0.93634
-0.876392
-0.817878
-0.756876
-0.690936
-0.617365
-0.534719
-0.440402
-0.333512
-0.212899
-0.0771096
-1.91395
-1.76309
-1.60374
-1.45091
-1.31295
-1.19238
-1.08822
-0.997847
-0.917966
-0.844621
-0.775518
-0.707112
-0.637002
-0.562575
-0.482282
-0.393648
-0.295673
-0.187263
-0.0671893
-1.90906
-1.78598
-1.64466
-1.49865
-1.35791
-1.22793
-1.11065
-1.00581
-0.911828
-0.82597
-0.746543
-0.670513
-0.595639
-0.519433
-0.440284
-0.355802
-0.264869
-0.166369
-0.0591428
-1.86081
-1.76755
-1.64811
-1.51538
-1.37951
-1.24768
-1.12391
-1.01001
-0.906106
-0.810779
-0.723144
-0.640808
-0.561829
-0.483932
-0.405531
-0.324351
-0.239209
-0.148965
-0.0524694
-1.76764
-1.70269
-1.60723
-1.49254
-1.36811
-1.24164
-1.11841
-1.00173
-0.893197
-0.792634
-0.700041
-0.61375
-0.532224
-0.453482
-0.376045
-0.29781
-0.217607
-0.13434
-0.0468915
-1.6585
-1.61161
-1.53723
-1.44136
-1.3314
-1.21462
-1.09672
-0.981972
-0.873079
-0.770938
-0.676367
-0.588414
-0.505977
-0.427391
-0.351308
-0.2758
-0.199772
-0.122261
-0.0422799
-1.56698
-1.53467
-1.47651
-1.39593
-1.29836
-1.19026
-1.07751
-0.965002
-0.856338
-0.753321
-0.657479
-0.568493
-0.48562
-0.40743
-0.332612
-0.259288
-0.186377
-0.113081
-0.0386888
-1.40832
-1.39521
-1.35581
-1.29408
-1.2142
-1.12148
-1.02126
-0.918494
-0.817163
-0.719662
-0.628056
-0.542589
-0.462901
-0.387841
-0.316165
-0.246
-0.176208
-0.106201
-0.0358844
-1.23298
-1.23508
-1.21261
-1.16879
-1.10683
-1.03098
-0.945876
-0.856115
-0.765739
-0.677418
-0.5935
-0.514633
-0.440764
-0.370996
-0.304124
-0.23813
-0.171483
-0.103387
-0.0344694
-1.05031
-1.0623
-1.05393
-1.02646
-0.981928
-0.923529
-0.855086
-0.780674
-0.704122
-0.628105
-0.55499
-0.485633
-0.420169
-0.357952
-0.297875
-0.237753
-0.175231
-0.108144
-0.0362842
-0.84794
-0.864913
-0.868037
-0.856155
-0.829736
-0.790666
-0.741779
-0.686362
-0.627772
-0.568401
-0.510311
-0.454349
-0.400662
-0.348881
-0.298246
-0.246797
-0.191499
-0.127756
-0.049683
-0.619704
-0.611386
-0.59259
-0.563674
-0.526856
-0.485148
-0.441992
-0.400314
-0.362431
-0.329362
-0.30094
-0.276066
-0.253083
-0.230414
-0.206737
-0.180536
-0.149426
-0.10854
-0.048759
-0.414467
-0.461806
-0.514219
-0.563633
-0.604417
-0.632882
-0.647879
-0.649824
-0.640625
-0.62251
-0.597174
-0.566255
-0.530552
-0.491515
-0.450683
-0.40942
-0.367254
-0.32108
-0.261912
-0.140517
-0.163456
-0.193709
-0.226617
-0.258742
-0.287637
-0.312418
-0.332867
-0.349687
-0.36349
-0.373686
-0.379745
-0.37978
-0.373058
-0.359919
-0.342866
-0.323935
-0.305487
-0.287551
0.134045
0.105251
0.0644357
0.0160561
-0.035734
-0.0875826
-0.137487
-0.184414
-0.228351
-0.269486
-0.306832
-0.339069
-0.363207
-0.377018
-0.379669
-0.373652
-0.361999
-0.348564
-0.335181
0.408384
0.369288
0.314258
0.248415
0.176527
0.102604
0.0293761
-0.0416923
-0.110281
-0.176548
-0.239634
-0.297856
-0.347321
-0.383926
-0.404701
-0.41099
-0.406363
-0.396423
-0.384679
0.656942
0.601917
0.529414
0.445526
0.355287
0.262898
0.171196
0.0815401
-0.00596463
-0.0919397
-0.176201
-0.257435
-0.331462
-0.392407
-0.434231
-0.455497
-0.458912
-0.451714
-0.4398
0.915537
0.841137
0.749134
0.645947
0.53684
0.426203
0.31687
0.210009
0.105404
0.00181028
-0.101577
-0.204601
-0.303879
-0.392724
-0.461789
-0.505011
-0.521407
-0.518419
-0.505277
1.1121
1.01535
0.90383
0.783934
0.660889
0.538668
0.419472
0.303768
0.190709
0.0782338
-0.0356339
-0.152523
-0.27118
-0.386135
-0.486158
-0.559769
-0.598137
-0.604189
-0.588729
1.2977
1.18166
1.05117
0.915152
0.779174
0.646736
0.51939
0.39699
0.278242
0.160554
0.041101
-0.0835731
-0.215305
-0.35247
-0.485757
-0.601223
-0.679848
-0.712052
-0.702767
1.47149
1.33038
1.17958
1.02821
0.881221
0.741109
0.608552
0.482763
0.36218
0.244064
0.125418
0.0018433
-0.131168
-0.277276
-0.43378
-0.592548
-0.730511
-0.821839
-0.840451
1.58738
1.4083
1.22664
1.05043
0.883187
0.726097
0.57884
0.440091
0.308127
0.180382
0.0541221
-0.0748323
-0.211845
-0.364239
-0.537634
-0.737409
-0.95489
-1.1705
-1.34678
1.66305
1.4667
1.28184
1.11352
0.961841
0.825445
0.702125
0.589637
0.485915
0.388973
0.297344
0.209209
0.122455
0.033602
-0.0625797
-0.176647
-0.319643
-0.504459
-0.737425
1.72234
1.51865
1.33939
1.18257
1.04445
0.92175
0.811302
0.710658
0.617905
0.531435
0.450447
0.374363
0.302892
0.236143
0.174673
0.118135
0.0655281
0.0127305
-0.0481766
1.63867
1.40587
1.20943
1.04165
0.896397
0.769271
0.656516
0.555346
0.463643
0.37959
0.302235
0.230877
0.165085
0.104931
0.051187
0.00469454
-0.0330563
-0.0604539
-0.0767315
1.44553
1.23196
1.05499
0.906042
0.778783
0.668631
0.571905
0.48588
0.408571
0.338346
0.274326
0.215877
0.16252
0.114081
0.0707049
0.0323474
-0.00093295
-0.0290702
-0.0523611
1.20632
1.02576
0.876177
0.750889
0.644563
0.553141
0.473402
0.402924
0.339971
0.283121
0.231549
0.18464
0.141839
0.102812
0.0674538
0.0355264
0.00692518
-0.0182988
-0.0403308
0.911604
0.771676
0.657073
0.562081
0.482184
0.413979
0.354851
0.302845
0.256584
0.214942
0.17724
0.142966
0.111634
0.0829288
0.056726
0.0328326
0.0111898
-0.00809187
-0.0250816
0.575619
0.482208
0.408028
0.347727
0.297633
0.255211
0.218637
0.186591
0.158162
0.132613
0.109488
0.0884447
0.0691492
0.0513795
0.0350382
0.0199987
0.00623046
-0.00616126
-0.017174
0.221432
0.183957
0.155226
0.132178
0.113092
0.0969108
0.0829306
0.0706572
0.0597538
0.0499482
0.0410648
0.0329674
0.0255204
0.0186267
0.0122306
0.0062678
0.000707682
-0.00442409
-0.0091276
-0.221326
-0.183722
-0.154908
-0.131808
-0.112692
-0.0964981
-0.0825185
-0.0702563
-0.0593724
-0.0495932
-0.0407417
-0.0326808
-0.0252747
-0.0184257
-0.0120775
-0.00616512
-0.000657032
0.00442261
0.00907484
-0.57552
-0.482002
-0.407752
-0.347407
-0.297291
-0.254861
-0.218293
-0.186262
-0.157855
-0.132334
-0.109243
-0.0882377
-0.0689841
-0.0512597
-0.0349667
-0.0199777
-0.0062608
0.00608027
0.0170443
-0.911506
-0.771481
-0.656808
-0.561768
-0.481841
-0.413622
-0.354492
-0.302493
-0.256247
-0.214625
-0.176948
-0.142705
-0.111406
-0.0827383
-0.0565736
-0.0327181
-0.0111108
0.00813912
0.0251011
-1.20625
-1.02563
-0.876004
-0.750686
-0.644342
-0.552914
-0.473177
-0.402709
-0.339774
-0.282946
-0.231402
-0.184526
-0.141762
-0.102774
-0.0674543
-0.0355631
-0.0069927
0.0182068
0.0402195
-1.44548
-1.23189
-1.05488
-0.90591
-0.778634
-0.668473
-0.571745
-0.485726
-0.408429
-0.338227
-0.274237
-0.215826
-0.162512
-0.114116
-0.0707776
-0.0324471
0.000819709
0.0289565
0.052257
-1.63868
-1.40586
-1.2094
-1.04159
-0.896326
-0.76919
-0.656435
-0.555276
-0.463595
-0.379578
-0.302274
-0.230977
-0.165251
-0.105162
-0.0514706
-0.00500913
0.0327412
0.0601755
0.0765275
-1.72234
-1.51853
-1.33908
-1.18206
-1.04372
-0.920828
-0.8102
-0.709397
-0.61651
-0.529926
-0.448841
-0.372667
-0.301104
-0.234254
-0.17269
-0.116111
-0.0636085
-0.0112042
0.0488642
-1.66337
-1.46753
-1.2832
-1.11539
-0.964217
-0.828293
-0.705412
-0.593333
-0.489992
-0.393412
-0.302137
-0.21437
-0.128035
-0.0397209
0.0557262
0.16877
0.310461
0.493842
0.725629
-1.58727
-1.40799
-1.22607
-1.04961
-0.882117
-0.724794
-0.577328
-0.438398
-0.306281
-0.178413
-0.0520614
0.0769441
0.213954
0.366297
0.539648
0.739516
0.957434
1.17399
1.35182
-1.4716
-1.33065
-1.17996
-1.0287
-0.881785
-0.741729
-0.609213
-0.483454
-0.362897
-0.244806
-0.126192
-0.00266599
0.130283
0.276346
0.432892
0.591891
0.730322
0.82226
0.841266
-1.29777
-1.18182
-1.05141
-0.915456
-0.779526
-0.647124
-0.519806
-0.397429
-0.278701
-0.161033
-0.0415983
0.0830644
0.214811
0.352051
0.48551
0.601254
0.680206
0.712701
0.703625
-1.11217
-1.0155
-0.904064
-0.784238
-0.661247
-0.539065
-0.419895
-0.30421
-0.191162
-0.0786882
0.0351898
0.152113
0.270847
0.385941
0.486167
0.560009
0.598569
0.604734
0.589346
-0.915603
-0.841281
-0.749367
-0.646257
-0.537207
-0.426609
-0.317301
-0.210449
-0.105842
-0.00223058
0.101192
0.204279
0.303659
0.392651
0.461889
0.505274
0.521785
0.518855
0.505737
-0.656996
-0.602053
-0.529639
-0.445823
-0.355637
-0.263283
-0.171598
-0.0819418
0.00557874
0.0915857
0.175897
0.257207
0.331339
0.392413
0.43437
0.45575
0.459245
0.452093
0.440177
-0.40844
-0.36944
-0.314499
-0.248724
-0.176887
-0.102994
-0.0297751
0.0413036
0.10992
0.176233
0.239382
0.297685
0.34725
0.383965
0.404844
0.411217
0.406654
0.396767
0.385025
-0.134095
-0.105405
-0.0646701
-0.016352
0.0353941
0.0872191
0.137121
0.184066
0.228038
0.269224
0.306636
0.338952
0.363178
0.377076
0.379805
0.373847
0.362238
0.348865
0.335546
0.140396
0.163083
0.193092
0.225772
0.2577
0.286449
0.311144
0.331567
0.348417
0.3623
0.372613
0.378815
0.379008
0.372444
0.359453
0.342533
0.323713
0.305406
0.287777
0.41455
0.462124
0.514843
0.564586
0.605684
0.634422
0.649633
0.651723
0.6426
0.624499
0.599123
0.568126
0.532322
0.49318
0.452254
0.410911
0.368653
0.322351
0.26311
0.619619
0.611075
0.592043
0.562912
0.525917
0.484085
0.440865
0.399181
0.361341
0.328351
0.300031
0.27527
0.252402
0.229847
0.206281
0.180189
0.149182
0.108376
0.0486676
0.847997
0.865024
0.868198
0.856361
0.829974
0.790919
0.742031
0.6866
0.627984
0.56858
0.510453
0.454452
0.400729
0.348919
0.298261
0.2468
0.1915
0.127758
0.0496744
1.05032
1.06232
1.05395
1.02649
0.981958
0.923564
0.855121
0.780708
0.704151
0.628125
0.554999
0.485631
0.420156
0.357931
0.29785
0.237726
0.175208
0.108129
0.0362796
1.23299
1.2351
1.21263
1.16881
1.10685
1.03101
0.945906
0.856142
0.76576
0.67743
0.593503
0.514627
0.440751
0.370978
0.304103
0.23811
0.171465
0.103375
0.034467
1.40832
1.39523
1.35582
1.2941
1.21422
1.1215
1.02129
0.918513
0.817176
0.719669
0.628056
0.542582
0.462889
0.387827
0.31615
0.245986
0.176196
0.106194
0.0358841
1.56698
1.53468
1.47653
1.39594
1.29837
1.19028
1.07753
0.965017
0.856348
0.753325
0.657479
0.568487
0.485611
0.407419
0.332601
0.259278
0.18637
0.113077
0.0386885
1.6585
1.61161
1.53724
1.44137
1.33142
1.21463
1.09673
0.981982
0.873085
0.770941
0.676365
0.588409
0.505969
0.427382
0.351299
0.275791
0.199766
0.122258
0.0422792
1.76765
1.70269
1.60723
1.49254
1.36811
1.24165
1.11842
1.00174
0.893199
0.792634
0.700038
0.613746
0.532217
0.453474
0.376037
0.297803
0.217603
0.134338
0.0468907
1.86082
1.76755
1.64812
1.51538
1.37952
1.24768
1.12391
1.01001
0.906106
0.810777
0.72314
0.640803
0.561823
0.483925
0.405524
0.324346
0.239206
0.148964
0.0524689
1.90906
1.78598
1.64466
1.49865
1.3579
1.22792
1.11064
1.0058
0.911823
0.825964
0.746538
0.670507
0.595633
0.519427
0.440279
0.355798
0.264868
0.166369
0.0591429
1.91395
1.76309
1.60374
1.45091
1.31295
1.19237
1.08821
0.997838
0.917958
0.844614
0.775512
0.707108
0.636998
0.562572
0.48228
0.393648
0.295674
0.187265
0.0671902
1.90295
1.72145
1.54751
1.39422
1.26567
1.16015
1.07335
1.00034
0.936331
0.876385
0.817873
0.756874
0.690935
0.617366
0.534722
0.440407
0.333517
0.212903
0.0771114
1.85388
1.64438
1.46622
1.32366
1.21418
1.13124
1.06708
1.01491
0.968824
0.923305
0.875697
0.821876
0.759473
0.685773
0.599464
0.497786
0.379873
0.244398
0.0894648
1.67062
1.46282
1.30684
1.19822
1.12683
1.08118
1.05055
1.02705
1.00439
0.977014
0.942702
0.897438
0.839163
0.765304
0.674802
0.564763
0.434329
0.281847
0.104581
1.49048
1.29989
1.17957
1.11427
1.0854
1.07768
1.07884
1.0811
1.07857
1.06605
1.04195
1.00245
0.945744
0.869298
0.772158
0.651059
0.504803
0.330913
0.124919
1.26911
1.11894
1.05785
1.05109
1.07272
1.10633
1.14025
1.16801
1.18481
1.1862
1.1713
1.13662
1.08055
1.00049
0.895383
0.761307
0.59619
0.39598
0.153148
0.900067
0.85921
0.898085
0.972812
1.05818
1.14119
1.21328
1.2704
1.30941
1.32708
1.3232
1.29497
1.24087
1.15827
1.04579
0.898613
0.713012
0.482265
0.193434
0.543498
0.656592
0.807765
0.963456
1.10815
1.2354
1.34132
1.42436
1.48323
1.51602
1.52273
1.50147
1.45046
1.36673
1.24795
1.0877
0.878963
0.609993
0.257878
0.203218
0.492803
0.759227
0.993698
1.19559
1.36575
1.50552
1.61548
1.6962
1.74728
1.76848
1.75926
1.71714
1.63862
1.51958
1.35104
1.12004
0.805864
0.367968
-0.0524869
0.398532
0.765216
1.06843
1.32219
1.53291
1.70674
1.84564
1.95206
2.0274
2.07075
2.08351
2.06222
2.00264
1.8978
1.7347
1.49021
1.12767
0.575577
-0.175327
0.381488
0.820821
1.17933
1.47917
1.72878
1.93819
2.1101
2.249
2.35872
2.43768
2.49024
2.5122
2.49904
2.44002
2.31663
2.08959
1.6949
1.00826
-0.154914
0.433045
0.913631
1.31386
1.65437
1.94186
2.18914
2.39962
2.58042
2.73913
2.87444
2.99555
3.0997
3.18474
3.23725
3.23417
3.11447
2.77169
1.99732
-0.0279602
0.530112
1.02699
1.45829
1.83475
2.15894
2.44574
2.70039
2.93357
3.15952
3.37955
3.61139
3.86115
4.13816
4.43489
4.7378
4.97078
4.97913
4.4349
0.126863
0.637019
1.14216
1.60011
2.00869
2.36734
2.69256
2.99495
3.28878
3.60159
3.94086
4.33974
4.83753
5.49204
6.37192
7.65128
9.5997
12.7998
18.4566
)
;

boundaryField
{
    up
    {
        type            calculated;
        value           nonuniform List<scalar> 
84
(
-18.4566
-4.43491
-1.99732
-1.00826
-0.575578
-0.367969
-0.257878
-0.193433
-0.153146
-0.124916
-0.104578
-0.0894624
-0.0771096
-0.0671893
-0.0591428
-0.0524694
-0.0468915
-0.0422799
-0.0386888
-0.0358844
-0.0344694
-0.0362842
-0.049683
-0.048759
-0.224272
-0.269874
-0.318453
-0.366783
-0.419625
-0.481545
-0.558551
-0.656868
-0.769931
-1.33849
-0.76442
-0.0496851
-0.0766688
-0.052283
-0.0402846
-0.0250668
-0.0171703
-0.00913052
0.00907774
0.0170407
0.0250865
0.0401736
0.0521795
0.0764653
0.0503542
0.752258
1.34439
0.770604
0.657673
0.559183
0.482002
0.419978
0.367089
0.318789
0.270237
0.225412
0.0486676
0.0496744
0.0362796
0.034467
0.0358841
0.0386885
0.0422792
0.0468907
0.0524689
0.0591429
0.0671902
0.0771114
0.0894648
0.104581
0.124919
0.153148
0.193434
0.257878
0.367968
0.575577
1.00826
1.99732
4.4349
18.4566
)
;
    }
    low
    {
        type            calculated;
        value           nonuniform List<scalar> 
84
(
-0.114409
0.0466748
0.18527
0.208473
0.0734122
-0.207096
-0.575563
-0.954051
-1.33154
-1.54153
-1.71498
-1.88874
-1.9162
-1.91372
-1.90019
-1.83976
-1.73638
-1.62466
-1.52702
-1.35724
-1.1769
-0.993788
-0.793336
-0.572213
-0.377648
-0.127276
0.118954
0.370693
0.608175
0.866057
1.07062
1.26305
1.44723
1.57712
1.6642
1.73719
1.66837
1.47839
1.23625
0.935799
0.591817
0.228251
-0.228144
-0.591715
-0.935695
-1.23617
-1.47833
-1.66835
-1.73717
-1.66446
-1.57702
-1.44732
-1.26312
-1.07069
-0.866125
-0.608234
-0.370754
-0.119006
0.127157
0.377729
0.572133
0.793384
0.993801
1.17691
1.35725
1.52703
1.62467
1.73638
1.83977
1.90019
1.91371
1.9162
1.88873
1.71498
1.54155
1.33156
0.954066
0.575575
0.207104
-0.0734085
-0.208472
-0.18527
-0.046674
0.114409
)
;
    }
    left
    {
        type            calculated;
        value           nonuniform List<scalar> 
19
(
-0.112529
-0.61135
-1.12659
-1.6002
-2.0262
-2.40149
-2.74389
-3.06581
-3.3815
-3.72569
-4.10554
-4.55854
-5.13638
-5.91687
-6.98664
-8.59095
-11.1039
-15.3393
-16.008
)
;
    }
    right
    {
        type            calculated;
        value           nonuniform List<scalar> 
19
(
0.112529
0.611348
1.12659
1.6002
2.0262
2.40149
2.7439
3.06581
3.3815
3.72569
4.10553
4.55853
5.13637
5.91687
6.98664
8.59093
11.1039
15.3393
16.008
)
;
    }
    frontAndBackPlanes
    {
        type            empty;
    }
}


// ************************************************************************* //
