/*--------------------------------*- C++ -*----------------------------------*\
  =========                 |
  \\      /  F ield         | OpenFOAM: The Open Source CFD Toolbox
   \\    /   O peration     | Website:  https://openfoam.org
    \\  /    A nd           | Version:  7
     \\/     M anipulation  |
\*---------------------------------------------------------------------------*/
FoamFile
{
    version     2.0;
    format      ascii;
    class       volScalarField;
    location    "0.241";
    object      gradTx;
}
// * * * * * * * * * * * * * * * * * * * * * * * * * * * * * * * * * * * * * //

dimensions      [0 -1 0 1 0 0 0];

internalField   nonuniform List<scalar> 
1596
(
-0.0432495
-0.217092
-0.38903
-0.54455
-0.682799
-0.80351
-0.912249
-1.0126
-1.10942
-1.21209
-1.32321
-1.45405
-1.61794
-1.83428
-2.12609
-2.55147
-3.20027
-4.26668
-6.15222
0.00948892
-0.18076
-0.349996
-0.496609
-0.624173
-0.733512
-0.829651
-0.914376
-0.991332
-1.06539
-1.13709
-1.21251
-1.29384
-1.38434
-1.48162
-1.58126
-1.65793
-1.66007
-1.47831
0.0527172
-0.147834
-0.311651
-0.447853
-0.563415
-0.660581
-0.743689
-0.813908
-0.873675
-0.92561
-0.969348
-1.00809
-1.04103
-1.06758
-1.08339
-1.08087
-1.03975
-0.924587
-0.665895
0.0596287
-0.130435
-0.280317
-0.402457
-0.504372
-0.588913
-0.659478
-0.716995
-0.763006
-0.798848
-0.824048
-0.840155
-0.84586
-0.839765
-0.8184
-0.775696
-0.698648
-0.565989
-0.336325
0.0176908
-0.13641
-0.261619
-0.365032
-0.451407
-0.522911
-0.581635
-0.628248
-0.663591
-0.68817
-0.701717
-0.704767
-0.696232
-0.674787
-0.638201
-0.582242
-0.499288
-0.377206
-0.192209
-0.0695976
-0.168703
-0.259771
-0.339815
-0.408611
-0.466447
-0.513768
-0.550771
-0.577658
-0.594309
-0.600667
-0.596589
-0.581298
-0.553686
-0.512465
-0.454726
-0.376237
-0.270179
-0.123102
-0.185812
-0.224712
-0.276467
-0.329658
-0.378995
-0.422286
-0.458199
-0.486205
-0.505864
-0.516533
-0.518224
-0.510321
-0.492252
-0.463071
-0.422065
-0.367165
-0.296111
-0.205075
-0.0864845
-0.30768
-0.293997
-0.307398
-0.33294
-0.362037
-0.390267
-0.414711
-0.433987
-0.447024
-0.452723
-0.451013
-0.440947
-0.42203
-0.393402
-0.35465
-0.304212
-0.240926
-0.162626
-0.0650634
-0.433915
-0.382825
-0.362024
-0.359682
-0.366965
-0.3783
-0.389712
-0.39901
-0.404547
-0.404808
-0.399492
-0.387402
-0.367991
-0.340389
-0.304269
-0.258346
-0.20199
-0.133915
-0.0516694
-0.509796
-0.444813
-0.403719
-0.381326
-0.37131
-0.368487
-0.368691
-0.369283
-0.368259
-0.363839
-0.355486
-0.341875
-0.322386
-0.29615
-0.262852
-0.221406
-0.171456
-0.112225
-0.0422749
-0.571642
-0.500687
-0.447329
-0.410059
-0.385438
-0.369584
-0.358861
-0.350604
-0.342688
-0.333211
-0.321425
-0.305937
-0.286028
-0.260801
-0.229887
-0.192302
-0.147779
-0.0957975
-0.0354869
-0.634619
-0.562994
-0.501956
-0.452983
-0.415235
-0.386521
-0.364231
-0.346082
-0.330091
-0.314382
-0.298061
-0.279702
-0.258476
-0.233425
-0.204078
-0.169469
-0.129308
-0.0831573
-0.0304108
-0.651719
-0.589617
-0.529961
-0.47725
-0.432896
-0.39637
-0.366234
-0.34086
-0.318647
-0.297939
-0.277857
-0.257052
-0.234667
-0.209746
-0.181758
-0.149778
-0.113476
-0.0724549
-0.026237
-0.655795
-0.604131
-0.549415
-0.496795
-0.449142
-0.407366
-0.37118
-0.339747
-0.311993
-0.286605
-0.262835
-0.239472
-0.215682
-0.190533
-0.163451
-0.133534
-0.1004
-0.0636469
-0.022852
-0.654416
-0.612228
-0.56364
-0.513293
-0.464608
-0.419515
-0.378722
-0.342207
-0.309495
-0.279705
-0.252309
-0.226284
-0.200858
-0.175148
-0.14855
-0.12018
-0.0895969
-0.056367
-0.0200714
-0.638161
-0.606165
-0.565043
-0.519197
-0.472119
-0.426303
-0.383177
-0.343431
-0.307184
-0.274017
-0.243694
-0.21543
-0.188567
-0.162301
-0.136036
-0.108918
-0.0804658
-0.0502171
-0.0177344
-0.60646
-0.584155
-0.551237
-0.511545
-0.468338
-0.424293
-0.381255
-0.340436
-0.302462
-0.267359
-0.235204
-0.205483
-0.17769
-0.151134
-0.125259
-0.0992648
-0.072658
-0.0449707
-0.0157527
-0.569217
-0.553102
-0.5274
-0.494137
-0.455855
-0.415067
-0.373772
-0.333501
-0.295268
-0.259476
-0.226499
-0.196087
-0.167902
-0.141378
-0.116014
-0.091069
-0.0660614
-0.0405441
-0.0140835
-0.537961
-0.52684
-0.506672
-0.478614
-0.444527
-0.40665
-0.367025
-0.327404
-0.28911
-0.252864
-0.2193
-0.188399
-0.159971
-0.133547
-0.108657
-0.0845855
-0.0608468
-0.0370237
-0.0127366
-0.483604
-0.479067
-0.465318
-0.443711
-0.415664
-0.38301
-0.347612
-0.311225
-0.275311
-0.240802
-0.208522
-0.178669
-0.1512
-0.12577
-0.101955
-0.0790653
-0.0566019
-0.0341991
-0.0116321
-0.423459
-0.424115
-0.416154
-0.400664
-0.378732
-0.351818
-0.321529
-0.289501
-0.257211
-0.22569
-0.195871
-0.168105
-0.142471
-0.118736
-0.0965193
-0.0751201
-0.0539412
-0.032558
-0.0109346
-0.360745
-0.364754
-0.36159
-0.35167
-0.335671
-0.31468
-0.290023
-0.26315
-0.235462
-0.207996
-0.181697
-0.156999
-0.134061
-0.112752
-0.0927508
-0.0733438
-0.0537245
-0.0330903
-0.0111617
-0.291227
-0.296894
-0.297623
-0.293
-0.283156
-0.268722
-0.250681
-0.230205
-0.208531
-0.1866
-0.165259
-0.144946
-0.125832
-0.107891
-0.0909291
-0.0743376
-0.057149
-0.0378968
-0.0146979
-0.212795
-0.209721
-0.202895
-0.192434
-0.179094
-0.163908
-0.14807
-0.132617
-0.118397
-0.105837
-0.0949759
-0.0855481
-0.0770775
-0.0690997
-0.0612141
-0.0529467
-0.0435441
-0.0315117
-0.0141118
-0.142259
-0.158211
-0.175698
-0.191886
-0.204783
-0.213079
-0.216369
-0.214831
-0.209215
-0.200436
-0.189272
-0.176497
-0.162562
-0.148088
-0.133664
-0.119771
-0.106265
-0.0922053
-0.0750168
-0.0481475
-0.0556685
-0.065536
-0.0761252
-0.0862328
-0.0950016
-0.102118
-0.107514
-0.111467
-0.114261
-0.115814
-0.116094
-0.114605
-0.11121
-0.106079
-0.100041
-0.0937246
-0.0878739
-0.0825742
0.0461386
0.0366716
0.0232522
0.00741975
-0.00939135
-0.0260226
-0.0417781
-0.0562987
-0.0695926
-0.0817653
-0.0925667
-0.10168
-0.108237
-0.111615
-0.111618
-0.109102
-0.105053
-0.100723
-0.0966147
0.140279
0.127347
0.109129
0.0873825
0.0637421
0.0395802
0.0158363
-0.00697846
-0.0287499
-0.0495449
-0.0691213
-0.087014
-0.102043
-0.112974
-0.118925
-0.120408
-0.118597
-0.115305
-0.111554
0.22547
0.207165
0.183046
0.1552
0.125344
0.0949049
0.0648524
0.0356592
0.00737626
-0.0201979
-0.0470151
-0.072701
-0.0959578
-0.114964
-0.127838
-0.134208
-0.134981
-0.13252
-0.128655
0.313952
0.289101
0.258385
0.223996
0.187724
0.151053
0.114949
0.079816
0.0456059
0.0119243
-0.0214809
-0.0545815
-0.0863115
-0.114567
-0.136384
-0.149902
-0.154853
-0.153705
-0.149414
0.380998
0.348613
0.311333
0.27132
0.230343
0.189738
0.150247
0.112034
0.074836
0.037993
0.000885623
-0.037012
-0.0752927
-0.112217
-0.144188
-0.167589
-0.179624
-0.181346
-0.176286
0.444088
0.405226
0.361575
0.316133
0.270776
0.226676
0.18435
0.143753
0.104465
0.0656532
0.0264264
-0.0143145
-0.0571339
-0.101502
-0.144406
-0.181413
-0.206425
-0.216499
-0.213366
0.502892
0.455606
0.405132
0.354525
0.305435
0.258693
0.214522
0.172653
0.132571
0.0933829
0.0541358
0.0134293
-0.030149
-0.077745
-0.128435
-0.179616
-0.223829
-0.252859
-0.258482
0.541686
0.48164
0.420804
0.361855
0.305962
0.253516
0.204411
0.158203
0.114319
0.0719123
0.0300971
-0.0124726
-0.0574994
-0.10731
-0.163642
-0.228185
-0.298011
-0.366712
-0.422047
0.566552
0.500838
0.439045
0.382821
0.332181
0.286642
0.245451
0.20784
0.173105
0.140568
0.109725
0.0799676
0.0506042
0.0205185
-0.0119333
-0.050114
-0.0974771
-0.158032
-0.23358
0.585659
0.517642
0.457824
0.405491
0.359363
0.318323
0.2813
0.247467
0.216182
0.186903
0.159354
0.133341
0.108757
0.0856323
0.0641587
0.0442368
0.0255678
0.00684609
-0.0144844
0.556196
0.478505
0.41298
0.357001
0.308507
0.266012
0.228259
0.194311
0.163457
0.135086
0.10887
0.0845756
0.0620466
0.0413018
0.0225944
0.00620573
-0.00736668
-0.0175695
-0.0241388
0.489798
0.418756
0.359861
0.310248
0.267804
0.230998
0.198602
0.169702
0.143635
0.119855
0.0980634
0.0780542
0.059666
0.0428457
0.0276516
0.0140834
0.00217901
-0.00800805
-0.016552
0.408109
0.348217
0.298529
0.256844
0.221401
0.190854
0.164134
0.140434
0.119176
0.0998867
0.0822912
0.0661912
0.051406
0.0378331
0.0254516
0.0141974
0.00405264
-0.00494203
-0.0128324
0.308006
0.261683
0.223669
0.192093
0.165473
0.142684
0.122864
0.105363
0.0897249
0.0755759
0.0626927
0.0509113
0.040075
0.0300877
0.0209195
0.0125179
0.00487565
-0.0019549
-0.00798761
0.194305
0.163394
0.138801
0.118765
0.102079
0.087906
0.0756446
0.0648573
0.0552427
0.0465571
0.0386516
0.0314162
0.0247436
0.0185659
0.0128581
0.00758511
0.00274416
-0.00162093
-0.00550458
0.0746929
0.0622649
0.0527222
0.045051
0.0386827
0.0332688
0.0285768
0.0244433
0.020757
0.0174279
0.0143985
0.0116246
0.00906251
0.00668145
0.00446538
0.00239493
0.000462224
-0.00132149
-0.00295481
-0.0746571
-0.0621859
-0.0526145
-0.0449249
-0.0385457
-0.0331265
-0.0284338
-0.0243032
-0.0206229
-0.0173024
-0.0142837
-0.0115224
-0.0089746
-0.00660923
-0.00440996
-0.00235718
-0.0004427
0.00132273
0.00293808
-0.194271
-0.163325
-0.138707
-0.118656
-0.101961
-0.0877845
-0.0755238
-0.0647405
-0.0551329
-0.0464566
-0.0385625
-0.0313402
-0.0246824
-0.0185205
-0.0128297
-0.00757428
-0.00275127
0.00159608
0.00546263
-0.307973
-0.261617
-0.223578
-0.191985
-0.165354
-0.14256
-0.122738
-0.105238
-0.0896048
-0.075463
-0.062589
-0.0508183
-0.039994
-0.0300195
-0.0208646
-0.012476
-0.00484632
0.00197257
0.0079948
-0.408084
-0.348172
-0.298467
-0.256772
-0.221322
-0.190771
-0.164052
-0.140355
-0.119103
-0.0998218
-0.0822361
-0.0661473
-0.0513744
-0.0378141
-0.0254452
-0.014203
-0.00406939
0.0049154
0.0127973
-0.489784
-0.418728
-0.359821
-0.310199
-0.267749
-0.230939
-0.198542
-0.169645
-0.143582
-0.119809
-0.0980271
-0.0780285
-0.0596519
-0.0428436
-0.027661
-0.0141029
-0.00220627
0.00797631
0.0165198
-0.556197
-0.478501
-0.412966
-0.356979
-0.30848
-0.265982
-0.22823
-0.194286
-0.163437
-0.135076
-0.108872
-0.0845915
-0.0620788
-0.041352
-0.0226624
-0.00628873
0.00727632
0.0174848
0.0240749
-0.585661
-0.517597
-0.457715
-0.405314
-0.359116
-0.318009
-0.280926
-0.24704
-0.215708
-0.186389
-0.158806
-0.132763
-0.108152
-0.0850019
-0.0635084
-0.0435833
-0.024952
-0.00635467
0.0147088
-0.566657
-0.501115
-0.4395
-0.383452
-0.33298
-0.287596
-0.246549
-0.209069
-0.174455
-0.142032
-0.111301
-0.0816619
-0.0524349
-0.0225227
0.00969785
0.0475628
0.0945285
0.154652
0.229853
-0.541645
-0.481528
-0.420607
-0.361572
-0.305595
-0.253072
-0.203899
-0.157633
-0.113702
-0.0712591
-0.0294193
0.0131627
0.0581889
0.107989
0.164314
0.228886
0.298842
0.367845
0.42371
-0.502928
-0.455692
-0.40526
-0.354686
-0.305621
-0.258899
-0.214743
-0.172885
-0.132813
-0.093633
-0.0543966
-0.0137031
0.0298626
0.0774562
0.128173
0.179434
0.223793
0.25301
0.258765
-0.444111
-0.40528
-0.361656
-0.316234
-0.270893
-0.226804
-0.184488
-0.143897
-0.104616
-0.0658095
-0.0265884
0.0141493
0.0569742
0.101367
0.144327
0.181426
0.206549
0.216714
0.213628
-0.381021
-0.348666
-0.311414
-0.271423
-0.230464
-0.18987
-0.150387
-0.11218
-0.0749837
-0.0381408
-0.00103015
0.0368774
0.0751804
0.112146
0.144179
0.167655
0.179757
0.181521
0.176473
-0.313974
-0.289154
-0.258466
-0.224101
-0.187847
-0.151189
-0.115092
-0.0799626
-0.0457511
-0.0120638
0.0213526
0.0544728
0.0862342
0.114535
0.136406
0.149978
0.154969
0.153842
0.14956
-0.225489
-0.207214
-0.183123
-0.1553
-0.125462
-0.0950346
-0.0649878
-0.0357948
-0.00750684
0.0200777
0.0469114
0.0726217
0.0959119
0.114959
0.127876
0.134283
0.135082
0.132634
0.128776
-0.1403
-0.127398
-0.109208
-0.0874865
-0.0638642
-0.0397132
-0.0159732
0.00684436
0.0286247
0.0494348
0.0690322
0.0869525
0.102014
0.112982
0.118967
0.120477
0.118684
0.115404
0.111662
-0.0461562
-0.0367196
-0.023329
-0.00752066
0.0092732
0.0258949
0.0416489
0.0561753
0.0694815
0.0816725
0.0924972
0.101639
0.108226
0.111634
0.111664
0.109169
0.105135
0.100817
0.0967199
0.0481065
0.0555446
0.0653251
0.0758325
0.085872
0.094592
0.101682
0.107073
0.111042
0.113869
0.115466
0.1158
0.114368
0.111027
0.105945
0.0999503
0.0936734
0.0878688
0.0826381
0.142287
0.158321
0.175909
0.192206
0.205208
0.213596
0.216957
0.215464
0.209868
0.201088
0.189904
0.177095
0.163119
0.148601
0.134134
0.120204
0.106666
0.0925798
0.0753638
0.212765
0.209612
0.202704
0.19217
0.178771
0.163545
0.147688
0.132235
0.118031
0.1055
0.0946754
0.0852878
0.076858
0.0689194
0.0610695
0.052834
0.0434604
0.0314557
0.0140878
0.291245
0.296929
0.297677
0.29307
0.283236
0.268806
0.250764
0.230281
0.208597
0.186654
0.165301
0.144976
0.125853
0.107903
0.0909356
0.0743397
0.0571478
0.0378941
0.0146963
0.360749
0.364758
0.361596
0.351677
0.335679
0.314688
0.29003
0.263155
0.235465
0.207997
0.181696
0.156997
0.134058
0.112748
0.0927463
0.0733394
0.0537206
0.0330877
0.011161
0.423462
0.424119
0.416159
0.40067
0.378738
0.351824
0.321534
0.289504
0.257213
0.22569
0.19587
0.168102
0.142468
0.118733
0.0965156
0.0751169
0.0539387
0.0325565
0.0109342
0.483607
0.47907
0.465321
0.443715
0.415668
0.383013
0.347615
0.311227
0.275311
0.2408
0.20852
0.178666
0.151197
0.125767
0.101952
0.0790628
0.0566002
0.0341981
0.0116318
0.537964
0.526844
0.506676
0.478618
0.444531
0.406653
0.367027
0.327405
0.289109
0.252863
0.219297
0.188397
0.159968
0.133544
0.108654
0.0845836
0.0608454
0.0370229
0.0127364
0.569219
0.553105
0.527403
0.49414
0.455858
0.415069
0.373773
0.3335
0.295267
0.259474
0.226497
0.196085
0.1679
0.141376
0.116012
0.0910673
0.0660601
0.0405434
0.0140833
0.606461
0.584157
0.551239
0.511547
0.46834
0.424294
0.381255
0.340435
0.302461
0.267356
0.235202
0.205481
0.177688
0.151132
0.125257
0.0992631
0.0726568
0.04497
0.0157526
0.638162
0.606168
0.565046
0.519199
0.472121
0.426303
0.383177
0.34343
0.307183
0.274015
0.243692
0.215428
0.188565
0.162299
0.136034
0.108917
0.0804646
0.0502165
0.0177343
0.654416
0.61223
0.563641
0.513294
0.464609
0.419514
0.378721
0.342205
0.309493
0.279703
0.252306
0.226281
0.200856
0.175146
0.148548
0.120179
0.0895957
0.0563664
0.0200713
0.655796
0.604133
0.549417
0.496797
0.449142
0.407366
0.371179
0.339746
0.311991
0.286603
0.262833
0.23947
0.21568
0.190531
0.163449
0.133533
0.100399
0.0636465
0.022852
0.651721
0.58962
0.529964
0.477251
0.432897
0.39637
0.366234
0.340859
0.318646
0.297937
0.277856
0.257051
0.234665
0.209744
0.181757
0.149777
0.113476
0.0724548
0.0262371
0.634617
0.562993
0.501955
0.452981
0.415233
0.386518
0.364228
0.346079
0.330088
0.314379
0.298059
0.2797
0.258474
0.233423
0.204076
0.169469
0.129308
0.0831573
0.030411
0.571645
0.50069
0.447331
0.410059
0.385438
0.369583
0.35886
0.350603
0.342686
0.33321
0.321424
0.305935
0.286027
0.2608
0.229887
0.192302
0.14778
0.095798
0.0354872
0.509801
0.444817
0.403721
0.381327
0.37131
0.368487
0.36869
0.369282
0.368257
0.363838
0.355484
0.341874
0.322386
0.29615
0.262852
0.221407
0.171457
0.112226
0.0422753
0.43392
0.382828
0.362025
0.359682
0.366965
0.3783
0.389711
0.399009
0.404546
0.404808
0.399492
0.387401
0.367991
0.34039
0.30427
0.258348
0.201992
0.133916
0.0516697
0.307683
0.293999
0.307399
0.332941
0.362037
0.390266
0.41471
0.433986
0.447024
0.452723
0.451013
0.440947
0.422031
0.393403
0.354651
0.304214
0.240928
0.162627
0.0650635
0.185815
0.224713
0.276468
0.329658
0.378996
0.422286
0.458199
0.486205
0.505864
0.516533
0.518224
0.510322
0.492254
0.463073
0.422067
0.367167
0.296112
0.205076
0.0864844
0.0695996
0.168705
0.259773
0.339815
0.408612
0.466447
0.513768
0.550771
0.577658
0.594309
0.600668
0.59659
0.581299
0.553688
0.512467
0.454728
0.376238
0.27018
0.123102
-0.0176897
0.136411
0.261621
0.365033
0.451407
0.522911
0.581635
0.628248
0.663592
0.68817
0.701717
0.704768
0.696233
0.674789
0.638203
0.582242
0.499288
0.377206
0.192208
-0.0596285
0.130435
0.280318
0.402458
0.504373
0.588914
0.659479
0.716995
0.763006
0.798849
0.824049
0.840156
0.845861
0.839766
0.818401
0.775696
0.698647
0.565988
0.336325
-0.0527176
0.147834
0.311651
0.447853
0.563415
0.660581
0.743689
0.813908
0.873675
0.925611
0.969348
1.00809
1.04103
1.06758
1.08339
1.08087
1.03975
0.924585
0.665894
-0.009489
0.18076
0.349995
0.496608
0.624173
0.733512
0.829651
0.914376
0.991333
1.06539
1.13709
1.21251
1.29384
1.38434
1.48162
1.58126
1.65793
1.66007
1.47831
0.0432498
0.217093
0.38903
0.54455
0.682799
0.80351
0.912249
1.0126
1.10942
1.21209
1.32321
1.45405
1.61793
1.83428
2.12608
2.55147
3.20027
4.26668
6.15222
)
;

boundaryField
{
    up
    {
        type            calculated;
        value           nonuniform List<scalar> 
84
(
-6.15222
-1.47831
-0.665895
-0.336325
-0.192209
-0.123102
-0.0864845
-0.0650634
-0.0516694
-0.0422749
-0.0354869
-0.0304108
-0.026237
-0.022852
-0.0200714
-0.0177344
-0.0157527
-0.0140835
-0.0127366
-0.0116321
-0.0109346
-0.0111617
-0.0146979
-0.0141118
-0.0642137
-0.0773136
-0.0914013
-0.105876
-0.122189
-0.141766
-0.166546
-0.198542
-0.235524
-0.418292
-0.241789
-0.0149512
-0.0241098
-0.0165222
-0.0128151
-0.00798191
-0.00550302
-0.00295566
0.00293892
0.00546113
0.00798917
0.0127801
0.0164901
0.0240458
0.0151693
0.237955
0.420264
0.235775
0.19877
0.16672
0.141905
0.122308
0.105983
0.0915076
0.0774097
0.0645295
0.0140878
0.0146963
0.011161
0.0109342
0.0116318
0.0127364
0.0140833
0.0157526
0.0177343
0.0200713
0.022852
0.0262371
0.030411
0.0354872
0.0422753
0.0516697
0.0650635
0.0864844
0.123102
0.192208
0.336325
0.665894
1.47831
6.15222
)
;
    }
    low
    {
        type            calculated;
        value           nonuniform List<scalar> 
84
(
-0.0389946
0.0158968
0.0631061
0.070969
0.0248497
-0.0709274
-0.196801
-0.3262
-0.45537
-0.527389
-0.586967
-0.646715
-0.656426
-0.655887
-0.651553
-0.631118
-0.595904
-0.557765
-0.52439
-0.466186
-0.404293
-0.341403
-0.272525
-0.196523
-0.129639
-0.0436097
0.0409703
0.127385
0.208814
0.297102
0.366942
0.432418
0.494811
0.538397
0.567145
0.590898
0.566428
0.501041
0.4183
0.316216
0.199788
0.0769978
-0.0769617
-0.199754
-0.316181
-0.418272
-0.501021
-0.566422
-0.590892
-0.567233
-0.538357
-0.49484
-0.432439
-0.366964
-0.297124
-0.208834
-0.127406
-0.0409882
0.0435698
0.129667
0.196495
0.27254
0.341407
0.404296
0.466188
0.524393
0.557767
0.595905
0.63112
0.651554
0.655888
0.656428
0.646713
0.586969
0.527393
0.455374
0.326204
0.196805
0.0709296
-0.0248486
-0.0709691
-0.063107
-0.0158973
0.0389948
)
;
    }
    left
    {
        type            calculated;
        value           nonuniform List<scalar> 
19
(
-0.038363
-0.208342
-0.38372
-0.544561
-0.688714
-0.815029
-0.929517
-1.03636
-1.14043
-1.25349
-1.37806
-1.52687
-1.71737
-1.97567
-2.33076
-2.86446
-3.70148
-5.11304
-5.33607
)
;
    }
    right
    {
        type            calculated;
        value           nonuniform List<scalar> 
19
(
0.0383633
0.208342
0.383721
0.544561
0.688714
0.815029
0.929517
1.03637
1.14043
1.25349
1.37806
1.52687
1.71737
1.97567
2.33076
2.86446
3.70147
5.11304
5.33607
)
;
    }
    frontAndBackPlanes
    {
        type            empty;
    }
}


// ************************************************************************* //
