/*--------------------------------*- C++ -*----------------------------------*\
  =========                 |
  \\      /  F ield         | OpenFOAM: The Open Source CFD Toolbox
   \\    /   O peration     | Website:  https://openfoam.org
    \\  /    A nd           | Version:  7
     \\/     M anipulation  |
\*---------------------------------------------------------------------------*/
FoamFile
{
    version     2.0;
    format      ascii;
    class       volScalarField;
    location    "0.294";
    object      gradTx;
}
// * * * * * * * * * * * * * * * * * * * * * * * * * * * * * * * * * * * * * //

dimensions      [0 -1 0 1 0 0 0];

internalField   nonuniform List<scalar> 
1596
(
-0.270568
-1.3597
-2.44275
-3.43347
-4.33037
-5.13448
-5.88263
-6.59822
-7.31185
-8.08318
-8.9268
-9.91424
-11.132
-12.71
-14.8052
-17.8211
-22.3869
-29.8637
-43.066
0.0592399
-1.13281
-2.19738
-3.12825
-3.95085
-4.67229
-5.32547
-5.92185
-6.48402
-7.04213
-7.59702
-8.18583
-8.81937
-9.51545
-10.2531
-10.9976
-11.5696
-11.6073
-10.3466
0.329343
-0.928887
-1.9591
-2.82178
-3.5631
-4.19854
-4.75629
-5.24367
-5.67554
-6.06754
-6.41505
-6.73655
-7.0233
-7.26728
-7.43431
-7.46745
-7.2219
-6.4472
-4.6563
0.371651
-0.823912
-1.76778
-2.54091
-3.1924
-3.74122
-4.20938
-4.60266
-4.93038
-5.20016
-5.40731
-5.56006
-5.64713
-5.65592
-5.55913
-5.3109
-4.8171
-3.92587
-2.34551
0.107014
-0.8667
-1.65809
-2.31402
-2.86581
-3.32789
-3.71387
-4.02798
-4.27527
-4.45839
-4.57461
-4.62617
-4.60419
-4.49755
-4.28838
-3.94439
-3.40941
-2.59535
-1.33316
-0.443333
-1.07499
-1.65509
-2.16604
-2.60728
-2.9811
-3.2906
-3.53708
-3.72171
-3.8435
-3.90159
-3.89445
-3.81606
-3.65772
-3.40891
-3.04745
-2.54135
-1.84002
-0.846637
-1.17656
-1.43166
-1.76779
-2.11273
-2.43318
-2.71541
-2.95104
-3.1368
-3.26987
-3.34616
-3.36569
-3.32438
-3.21825
-3.04051
-2.78541
-2.43748
-1.97916
-1.38132
-0.588504
-1.94592
-1.87041
-1.9677
-2.14175
-2.33745
-2.52644
-2.68996
-2.81918
-2.90729
-2.94744
-2.93936
-2.87724
-2.75815
-2.57656
-2.32948
-2.00582
-1.59634
-1.08424
-0.437761
-2.74264
-2.43077
-2.31453
-2.31625
-2.37822
-2.464
-2.54764
-2.61487
-2.65507
-2.65874
-2.62424
-2.54444
-2.41648
-2.23532
-1.9992
-1.69975
-1.33215
-0.886534
-0.344338
-3.22006
-2.81925
-2.57568
-2.45317
-2.40911
-2.40882
-2.42458
-2.4389
-2.4386
-2.41239
-2.35712
-2.26495
-2.13279
-1.95599
-1.73339
-1.45858
-1.12931
-0.739972
-0.279724
-3.6069
-3.16722
-2.84656
-2.63203
-2.49884
-2.41993
-2.37038
-2.33201
-2.29054
-2.23365
-2.15671
-2.05145
-1.91427
-1.74062
-1.52934
-1.27523
-0.977281
-0.632339
-0.234191
-3.9982
-3.55371
-3.18496
-2.89835
-2.68542
-2.52931
-2.41104
-2.31433
-2.22533
-2.13155
-2.02724
-1.9038
-1.75697
-1.58197
-1.37726
-1.13819
-0.864122
-0.553111
-0.20144
-4.09725
-3.71206
-3.35167
-3.04217
-2.78953
-2.58715
-2.42311
-2.28476
-2.16025
-2.03807
-1.91228
-1.7746
-1.62049
-1.44523
-1.24709
-1.0219
-0.769196
-0.487764
-0.175301
-4.1124
-3.79252
-3.46296
-3.15451
-2.88265
-2.64982
-2.45113
-2.27851
-2.12299
-1.97484
-1.82862
-1.67666
-1.51445
-1.33738
-1.14353
-0.929082
-0.693502
-0.435946
-0.154919
-4.09183
-3.83145
-3.54035
-3.24665
-2.96967
-2.7183
-2.49382
-2.29295
-2.11013
-1.93792
-1.77197
-1.60549
-1.43421
-1.25371
-1.06195
-0.855317
-0.63315
-0.394697
-0.138834
-3.97737
-3.78063
-3.53616
-3.27091
-3.00497
-2.75093
-2.51454
-2.29673
-2.09539
-1.90562
-1.72452
-1.54654
-1.36788
-1.1845
-0.994376
-0.79418
-0.583176
-0.360673
-0.125692
-3.76702
-3.63026
-3.43657
-3.20962
-2.96837
-2.72672
-2.49306
-2.27144
-2.06267
-1.8643
-1.67506
-1.49076
-1.30829
-1.12414
-0.936461
-0.742285
-0.540987
-0.332079
-0.114756
-3.52382
-3.42506
-3.27571
-3.08844
-2.87802
-2.65755
-2.43646
-2.22075
-2.0134
-1.81407
-1.62301
-1.43734
-1.25472
-1.07214
-0.887929
-0.69947
-0.506369
-0.30858
-0.105751
-3.31973
-3.25194
-3.13695
-2.98218
-2.79834
-2.597
-2.38795
-2.17854
-1.97355
-1.77442
-1.58275
-1.39684
-1.21495
-1.03441
-0.853429
-0.669393
-0.481952
-0.291624
-0.0989729
-2.97525
-2.94745
-2.8714
-2.75589
-2.60914
-2.44046
-2.25867
-2.07116
-1.88352
-1.69828
-1.51799
-1.34199
-1.16912
-0.997086
-0.823977
-0.6469
-0.465224
-0.280084
-0.0939448
-2.59849
-2.60238
-2.56143
-2.48302
-2.37354
-2.24031
-2.09075
-1.93168
-1.76874
-1.60499
-1.44342
-1.28403
-1.12614
-0.96774
-0.806663
-0.639229
-0.463414
-0.279651
-0.0926177
-2.20915
-2.23393
-2.22242
-2.17799
-2.1047
-2.00788
-1.89349
-1.76743
-1.63497
-1.49915
-1.36288
-1.22645
-1.08939
-0.950043
-0.806135
-0.653056
-0.486005
-0.301124
-0.100619
-1.78096
-1.81671
-1.82937
-1.8173
-1.78144
-1.72465
-1.65112
-1.56539
-1.47192
-1.37322
-1.27143
-1.16663
-1.05817
-0.944845
-0.824995
-0.694173
-0.545081
-0.366209
-0.142741
-1.30068
-1.2841
-1.24959
-1.19785
-1.13322
-1.06141
-0.988938
-0.921041
-0.861512
-0.811243
-0.76838
-0.729068
-0.68855
-0.642602
-0.587914
-0.520768
-0.435009
-0.317307
-0.142292
-0.870397
-0.973577
-1.09342
-1.21439
-1.32528
-1.41786
-1.48828
-1.53506
-1.55925
-1.56236
-1.54468
-1.50693
-1.44901
-1.37348
-1.2841
-1.18475
-1.07465
-0.945746
-0.77457
-0.296382
-0.349459
-0.420964
-0.501574
-0.584475
-0.664739
-0.740515
-0.81093
-0.876573
-0.93732
-0.989661
-1.02999
-1.05171
-1.05159
-1.02981
-0.992877
-0.946631
-0.898248
-0.849574
0.279063
0.211426
0.116624
0.00374469
-0.118922
-0.244857
-0.370392
-0.493679
-0.61459
-0.732826
-0.844554
-0.944458
-1.02307
-1.07291
-1.09066
-1.08226
-1.05593
-1.0224
-0.986634
0.855504
0.763938
0.637737
0.487609
0.323192
0.152254
-0.0203416
-0.192356
-0.363673
-0.53464
-0.702392
-0.861127
-0.999216
-1.10419
-1.16683
-1.18955
-1.18155
-1.15749
-1.12614
1.38029
1.25293
1.08796
0.898458
0.694787
0.485188
0.274627
0.0648374
-0.145003
-0.356872
-0.570159
-0.780536
-0.976019
-1.1397
-1.25429
-1.31448
-1.32683
-1.30981
-1.27846
1.93017
1.76014
1.55249
1.32123
1.07733
0.829498
0.582624
0.337876
0.0934306
-0.154539
-0.408329
-0.667042
-0.921224
-1.15225
-1.33436
-1.44986
-1.49527
-1.48916
-1.4553
2.35353
2.13374
1.88239
1.6137
1.33878
1.06564
0.797922
0.535332
0.274574
0.00975658
-0.264603
-0.552558
-0.850685
-1.14416
-1.40296
-1.59538
-1.69721
-1.71472
-1.67569
2.75876
2.49537
2.20144
1.89671
1.59312
1.29778
1.01302
0.737328
0.466478
0.193355
-0.0897047
-0.391582
-0.717153
-1.06216
-1.40248
-1.70065
-1.90619
-1.99217
-1.97077
3.14443
2.82469
2.48499
2.14571
1.81746
1.50528
1.20972
0.928004
0.655514
0.384964
0.108361
-0.185526
-0.508469
-0.87015
-1.26443
-1.67006
-2.02726
-2.26692
-2.31904
3.41101
3.00572
2.59601
2.19986
1.82463
1.4724
1.14153
0.82821
0.527613
0.233088
-0.0624416
-0.369464
-0.701625
-1.07775
-1.51322
-2.02268
-2.58538
-3.15044
-3.61913
3.59501
3.14832
2.72912
2.34899
2.00805
1.70304
1.42853
1.17909
0.949574
0.735044
0.531826
0.335383
0.140556
-0.0612567
-0.283475
-0.553231
-0.900233
-1.35952
-1.94983
3.74665
3.28076
2.87254
2.51785
2.20802
1.9354
1.69225
1.47261
1.27165
1.08529
0.911448
0.748545
0.595982
0.45419
0.324821
0.207455
0.099879
-0.00853688
-0.138582
3.58578
3.05221
2.60373
2.22278
1.895
1.60994
1.35853
1.1341
0.931505
0.746414
0.576686
0.4207
0.277716
0.148172
0.0341933
-0.0619234
-0.136289
-0.184977
-0.206088
3.18011
2.6865
2.27975
1.93979
1.65148
1.40385
1.18797
0.997318
0.827086
0.673407
0.53427
0.408192
0.294203
0.191989
0.101917
0.0238403
-0.0422149
-0.0964103
-0.139636
2.66642
2.24604
1.90048
1.61346
1.37196
1.1661
0.988034
0.831923
0.69356
0.569554
0.457974
0.357347
0.266428
0.184433
0.111046
0.0456098
-0.0122695
-0.0627293
-0.106345
2.02261
1.69525
1.4295
1.21125
1.02939
0.875611
0.743528
0.628406
0.526898
0.436307
0.355008
0.281754
0.215409
0.155202
0.100763
0.0515587
0.00734369
-0.0317906
-0.0660911
1.28059
1.06183
0.889558
0.750784
0.636601
0.540847
0.459089
0.388128
0.325752
0.270193
0.220349
0.175381
0.134495
0.0971429
0.0630419
0.0318469
0.00342225
-0.0220787
-0.0446933
0.493624
0.406359
0.339944
0.287131
0.243798
0.20739
0.176198
0.149023
0.125047
0.103618
0.0843145
0.0668095
0.0507872
0.0360162
0.0223542
0.00963999
-0.00221509
-0.0131779
-0.0232593
-0.493387
-0.405845
-0.339254
-0.286335
-0.242944
-0.206514
-0.175328
-0.148181
-0.12425
-0.102881
-0.08365
-0.0662267
-0.0502945
-0.0356207
-0.0220612
-0.00945374
0.00229191
0.0131452
0.0231189
-1.28037
-1.06139
-0.888964
-0.750102
-0.635877
-0.540113
-0.458371
-0.387448
-0.325126
-0.269634
-0.219869
-0.174988
-0.134197
-0.0969454
-0.0629492
-0.0318619
-0.0035458
0.0218487
0.0443614
-2.0224
-1.69483
-1.42893
-1.21058
-1.02866
-0.874854
-0.74277
-0.627667
-0.526195
-0.435654
-0.354416
-0.281232
-0.214961
-0.154833
-0.10047
-0.0513402
-0.00719392
0.0318792
0.066127
-2.66628
-2.24577
-1.90012
-1.61303
-1.3715
-1.16563
-0.987579
-0.831499
-0.693183
-0.569237
-0.457728
-0.357179
-0.266342
-0.184428
-0.111118
-0.0457525
0.012066
0.0624759
0.106052
-3.18003
-2.68634
-2.27954
-1.93953
-1.65118
-1.40354
-1.18767
-0.997035
-0.826843
-0.67322
-0.534151
-0.40815
-0.294243
-0.192111
-0.102113
-0.0240969
0.0419204
0.0961061
0.139355
-3.58581
-3.05222
-2.60369
-2.22269
-1.89488
-1.60982
-1.35842
-1.13402
-0.931479
-0.746462
-0.576828
-0.420955
-0.278099
-0.148696
-0.0348538
0.0611518
0.135474
0.184227
0.205534
-3.74669
-3.28051
-2.87189
-2.51674
-2.20645
-1.93337
-1.68978
-1.46974
-1.26842
-1.08171
-0.907561
-0.744368
-0.591528
-0.449471
-0.319874
-0.202414
-0.0950732
0.0124031
0.140341
-3.59571
-3.15014
-2.73212
-2.35317
-2.01337
-1.70947
-1.43602
-1.18761
-0.95908
-0.745533
-0.543326
-0.34798
-0.154423
0.0457949
0.26592
0.532861
0.876321
1.33171
1.9187
-3.41077
-3.00503
-2.59477
-2.19805
-1.82224
-1.46945
-1.13807
-0.824289
-0.523288
-0.228428
0.0673597
0.374549
0.706769
1.08285
1.51831
2.02802
2.59177
3.15925
3.63222
-3.14467
-2.82526
-2.48584
-2.14679
-1.81871
-1.50667
-1.21121
-0.929587
-0.657184
-0.38673
-0.110247
0.183491
0.506277
0.867875
1.2623
1.66852
2.02685
2.26798
2.32113
-2.75892
-2.49573
-2.20198
-1.89738
-1.59389
-1.29863
-1.01393
-0.738297
-0.467505
-0.194449
0.0885365
0.390351
0.715921
1.06108
1.40182
1.70069
1.90709
1.99381
1.97279
-2.35369
-2.13409
-1.88292
-1.61438
-1.33957
-1.0665
-0.798844
-0.536297
-0.275574
-0.0107824
0.263569
0.551564
0.84983
1.1436
1.40288
1.59588
1.69825
1.71608
1.67716
-1.93031
-1.76048
-1.55301
-1.32191
-1.07813
-0.830376
-0.583558
-0.338841
-0.0944057
0.153578
0.407421
0.666253
0.920652
1.15201
1.33454
1.45047
1.4962
1.49026
1.45648
-1.38042
-1.25325
-1.08845
-0.899092
-0.695535
-0.486013
-0.275498
-0.0657222
0.144133
0.356052
0.569435
0.779973
0.975696
1.13969
1.25461
1.3151
1.32765
1.31075
1.27947
-0.855635
-0.764259
-0.638235
-0.488258
-0.323957
-0.153095
0.0194646
0.191482
0.362839
0.533888
0.701772
0.860695
0.999028
1.10428
1.16719
1.19014
1.1823
1.15834
1.12708
-0.279173
-0.211723
-0.117098
-0.00436901
0.118186
0.244052
0.369564
0.492871
0.613844
0.732186
0.844065
0.944165
1.02301
1.07309
1.09106
1.08284
1.05665
1.02324
0.987587
0.296132
0.348699
0.419657
0.499735
0.582163
0.66205
0.73757
0.807856
0.873498
0.934367
0.986932
1.02757
1.04967
1.04992
1.02851
0.991931
0.946045
0.898118
0.850148
0.870577
0.974262
1.09476
1.21645
1.32807
1.42134
1.49234
1.53958
1.56409
1.56737
1.54972
1.5119
1.45383
1.37811
1.28851
1.18894
1.07865
0.949545
0.778133
1.3005
1.28344
1.24841
1.1962
1.13117
1.05906
0.986404
0.91844
0.85895
0.808809
0.766139
0.727061
0.686801
0.641114
0.586678
0.519772
0.434243
0.316778
0.142056
1.78108
1.81694
1.82972
1.81776
1.78197
1.72522
1.6517
1.56594
1.47243
1.37366
1.27179
1.16691
1.05837
0.944987
0.825082
0.694213
0.545081
0.366185
0.142722
2.20918
2.23397
2.22247
2.17805
2.10476
2.00796
1.89356
1.76749
1.63502
1.49918
1.3629
1.22646
1.08939
0.950029
0.806113
0.653027
0.485975
0.3011
0.100612
2.59852
2.60241
2.56148
2.48307
2.3736
2.24037
2.0908
1.93172
1.76877
1.60501
1.44343
1.28403
1.12613
0.967723
0.806642
0.639207
0.463394
0.279638
0.0926143
2.97527
2.94748
2.87143
2.75593
2.60918
2.4405
2.2587
2.07119
1.88354
1.69829
1.51799
1.34198
1.16911
0.997069
0.823959
0.646882
0.465211
0.280076
0.0939426
3.31976
3.25197
3.13699
2.98222
2.79837
2.59703
2.38798
2.17856
1.97356
1.77442
1.58274
1.39683
1.21494
1.03439
0.853413
0.669379
0.481942
0.291618
0.0989712
3.52384
3.42508
3.27574
3.08847
2.87804
2.65757
2.43648
2.22076
2.01341
1.81407
1.623
1.43733
1.2547
1.07212
0.887915
0.699458
0.506361
0.308575
0.10575
3.76703
3.63028
3.43659
3.20964
2.96839
2.72673
2.49306
2.27145
2.06267
1.86429
1.67505
1.49074
1.30828
1.12413
0.936449
0.742275
0.54098
0.332075
0.114755
3.97738
3.78065
3.53618
3.27093
3.00499
2.75094
2.51454
2.29673
2.09538
1.90561
1.72451
1.54653
1.36787
1.18449
0.994365
0.794171
0.58317
0.36067
0.125692
4.09184
3.83146
3.54036
3.24666
2.96967
2.7183
2.49382
2.29294
2.11012
1.93791
1.77195
1.60548
1.4342
1.2537
1.06194
0.855309
0.633145
0.394695
0.138834
4.11241
3.79254
3.46298
3.15452
2.88265
2.64982
2.45113
2.2785
2.12298
1.97483
1.82861
1.67665
1.51444
1.33737
1.14353
0.929076
0.693499
0.435945
0.154919
4.09727
3.71208
3.35169
3.04218
2.78954
2.58715
2.42311
2.28476
2.16025
2.03806
1.91228
1.77459
1.62049
1.44523
1.24708
1.0219
0.769196
0.487765
0.175302
3.9982
3.55371
3.18496
2.89834
2.68541
2.52929
2.41103
2.31431
2.22532
2.13153
2.02722
1.90379
1.75696
1.58196
1.37726
1.13819
0.864121
0.553112
0.20144
3.60692
3.16724
2.84657
2.63203
2.49885
2.41993
2.37037
2.33201
2.29054
2.23365
2.15671
2.05145
1.91427
1.74062
1.52934
1.27523
0.977284
0.632342
0.234193
3.2201
2.81928
2.5757
2.45318
2.40912
2.40882
2.42458
2.43889
2.4386
2.41239
2.35712
2.26495
2.13279
1.95599
1.73339
1.45858
1.12932
0.739977
0.279726
2.74267
2.43079
2.31454
2.31626
2.37822
2.464
2.54763
2.61487
2.65507
2.65874
2.62424
2.54444
2.41648
2.23533
1.99921
1.69976
1.33216
0.886539
0.344339
1.94594
1.87043
1.96771
2.14175
2.33745
2.52644
2.68995
2.81918
2.90729
2.94744
2.93936
2.87724
2.75816
2.57657
2.32948
2.00583
1.59635
1.08424
0.437761
1.17658
1.43167
1.76779
2.11273
2.43318
2.71541
2.95104
3.13679
3.26987
3.34616
3.3657
3.32439
3.21826
3.04052
2.78541
2.43749
1.97916
1.38133
0.588504
0.443347
1.075
1.6551
2.16605
2.60728
2.9811
3.2906
3.53708
3.72171
3.8435
3.9016
3.89445
3.81606
3.65772
3.40891
3.04746
2.54135
1.84002
0.846636
-0.107006
0.866707
1.6581
2.31402
2.86581
3.3279
3.71387
4.02798
4.27527
4.45839
4.57461
4.62617
4.60419
4.49755
4.28838
3.94439
3.4094
2.59535
1.33316
-0.37165
0.823916
1.76778
2.54091
3.1924
3.74123
4.20938
4.60267
4.93038
5.20016
5.40732
5.56006
5.64713
5.65592
5.55913
5.31089
4.81709
3.92586
2.3455
-0.329345
0.928888
1.9591
2.82178
3.5631
4.19854
4.75629
5.24367
5.67554
6.06754
6.41505
6.73655
7.0233
7.26727
7.4343
7.46744
7.22189
6.4472
4.6563
-0.0592406
1.13281
2.19738
3.12825
3.95085
4.67229
5.32547
5.92186
6.48403
7.04213
7.59702
8.18583
8.81937
9.51544
10.2531
10.9976
11.5696
11.6073
10.3466
0.270569
1.3597
2.44275
3.43347
4.33037
5.13448
5.88264
6.59822
7.31185
8.08318
8.92679
9.91423
11.132
12.71
14.8051
17.8211
22.3869
29.8637
43.066
)
;

boundaryField
{
    up
    {
        type            calculated;
        value           nonuniform List<scalar> 
84
(
-43.066
-10.3466
-4.6563
-2.34551
-1.33316
-0.846637
-0.588504
-0.437761
-0.344338
-0.279724
-0.234191
-0.20144
-0.175301
-0.154919
-0.138834
-0.125692
-0.114756
-0.105751
-0.0989729
-0.0939448
-0.0926177
-0.100619
-0.142741
-0.142292
-0.665729
-0.800028
-0.939775
-1.07707
-1.22445
-1.39324
-1.59831
-1.85392
-2.139
-3.60702
-2.025
-0.142778
-0.206094
-0.139523
-0.106272
-0.0660718
-0.0446917
-0.0232694
0.0231289
0.0443601
0.0661082
0.10598
0.139242
0.205539
0.144484
1.99285
3.62265
2.14084
1.85568
1.59969
1.39438
1.22545
1.07801
0.940751
0.800936
0.668991
0.142056
0.142722
0.100612
0.0926143
0.0939426
0.0989712
0.10575
0.114755
0.125692
0.138834
0.154919
0.175302
0.20144
0.234193
0.279726
0.344339
0.437761
0.588504
0.846636
1.33316
2.3455
4.6563
10.3466
43.066
)
;
    }
    low
    {
        type            calculated;
        value           nonuniform List<scalar> 
84
(
-0.24419
0.0986005
0.393407
0.441851
0.151473
-0.451615
-1.24514
-2.06162
-2.87649
-3.32908
-3.70081
-4.07057
-4.12191
-4.10694
-4.0669
-3.92573
-3.6934
-3.44489
-3.22814
-2.86093
-2.47468
-2.0856
-1.66266
-1.19846
-0.791627
-0.268135
0.246858
0.774727
1.27497
1.82197
2.26112
2.67992
3.08713
3.38365
3.59249
3.77448
3.64719
3.24985
2.73091
2.07533
1.31614
0.50866
-0.508421
-1.31591
-2.0751
-2.73074
-3.24973
-3.64717
-3.77446
-3.59308
-3.38341
-3.08733
-2.68006
-2.26126
-1.82211
-1.2751
-0.774864
-0.24697
0.267892
0.791804
1.19829
1.66276
2.08563
2.47471
2.86095
3.22817
3.44491
3.69341
3.92575
4.0669
4.10695
4.12193
4.07055
3.70082
3.32911
2.87652
2.06165
1.24517
0.451629
-0.151465
-0.441851
-0.393412
-0.0986034
0.244191
)
;
    }
    left
    {
        type            calculated;
        value           nonuniform List<scalar> 
19
(
-0.239736
-1.3041
-2.40822
-3.43223
-4.36695
-5.20811
-5.99574
-6.75728
-7.52339
-8.36992
-9.31052
-10.4268
-11.8334
-13.7067
-16.2451
-20.0186
-25.9001
-35.791
-37.3539
)
;
    }
    right
    {
        type            calculated;
        value           nonuniform List<scalar> 
19
(
0.239737
1.30411
2.40823
3.43223
4.36695
5.20811
5.99575
6.75728
7.52339
8.36991
9.31051
10.4268
11.8334
13.7066
16.2451
20.0185
25.9001
35.791
37.3539
)
;
    }
    frontAndBackPlanes
    {
        type            empty;
    }
}


// ************************************************************************* //
