/*--------------------------------*- C++ -*----------------------------------*\
  =========                 |
  \\      /  F ield         | OpenFOAM: The Open Source CFD Toolbox
   \\    /   O peration     | Website:  https://openfoam.org
    \\  /    A nd           | Version:  7
     \\/     M anipulation  |
\*---------------------------------------------------------------------------*/
FoamFile
{
    version     2.0;
    format      ascii;
    class       volScalarField;
    location    "0.014";
    object      gradTx;
}
// * * * * * * * * * * * * * * * * * * * * * * * * * * * * * * * * * * * * * //

dimensions      [0 -1 0 1 0 0 0];

internalField   nonuniform List<scalar> 
1596
(
-0.995314
-4.61225
-7.03534
-8.19333
-8.62267
-8.70892
-8.68482
-8.61262
-8.51286
-8.41078
-8.26628
-8.09759
-7.90329
-7.69134
-7.46994
-7.38578
-7.70712
-9.02546
-12.3378
0.604629
-2.648
-4.78074
-5.81538
-6.20476
-6.28623
-6.26517
-6.20272
-6.129
-6.05707
-5.97396
-5.89597
-5.81211
-5.71581
-5.57089
-5.32742
-4.89099
-4.19718
-3.17687
1.72411
-0.655428
-2.27287
-3.09728
-3.42259
-3.5037
-3.4981
-3.46231
-3.42381
-3.39083
-3.36438
-3.35485
-3.35751
-3.37211
-3.38418
-3.34258
-3.13502
-2.60909
-1.61519
1.82218
0.42433
-0.647195
-1.24745
-1.50637
-1.5871
-1.59809
-1.5858
-1.57155
-1.56114
-1.55936
-1.57135
-1.5966
-1.63798
-1.69699
-1.75053
-1.73187
-1.50393
-0.879451
1.12395
0.578507
0.0143716
-0.358125
-0.5404
-0.608753
-0.626571
-0.626346
-0.62299
-0.620789
-0.623789
-0.634189
-0.652504
-0.681057
-0.724937
-0.779173
-0.819104
-0.764423
-0.463949
0.0446847
0.167762
0.0643491
-0.0731604
-0.162979
-0.204692
-0.21918
-0.222234
-0.222248
-0.222013
-0.223992
-0.229068
-0.237643
-0.250772
-0.27186
-0.301627
-0.335553
-0.339619
-0.224003
-1.11303
-0.497608
-0.189965
-0.085861
-0.0665344
-0.0687245
-0.0721333
-0.0734691
-0.0737524
-0.073731
-0.074476
-0.0763134
-0.0794239
-0.0841256
-0.0918844
-0.103781
-0.120835
-0.132601
-0.0970464
-2.1709
-1.21866
-0.564979
-0.226333
-0.0875696
-0.0407018
-0.0275102
-0.0242627
-0.0235295
-0.0233108
-0.0234626
-0.0239809
-0.0249095
-0.026303
-0.0286296
-0.0323716
-0.0387835
-0.0458743
-0.0376218
-3.1904
-2.01997
-1.05317
-0.462375
-0.176994
-0.0623472
-0.0231142
-0.011301
-0.0081205
-0.00730239
-0.00714726
-0.00722446
-0.00744822
-0.00779691
-0.00838163
-0.00932564
-0.0112383
-0.014168
-0.0130833
-3.81058
-2.59708
-1.45394
-0.682496
-0.275582
-0.0980436
-0.0320729
-0.0105389
-0.00427286
-0.0026034
-0.00219567
-0.00212076
-0.00214743
-0.00221767
-0.00234192
-0.00252961
-0.00298587
-0.00393842
-0.00409995
-4.33359
-3.08468
-1.80869
-0.889586
-0.375631
-0.138849
-0.0460045
-0.0140485
-0.00424046
-0.00150524
-0.00080066
-0.000633707
-0.000602524
-0.000607037
-0.00062813
-0.000654671
-0.000737848
-0.000991886
-0.00116197
-4.90509
-3.61261
-2.194
-1.11853
-0.489487
-0.187407
-0.0640289
-0.0198352
-0.00571099
-0.00161116
-0.000513361
-0.000239961
-0.000175957
-0.000162822
-0.000163054
-0.000163908
-0.000173205
-0.000228898
-0.000299027
-5.17544
-3.92478
-2.44488
-1.27719
-0.572521
-0.224618
-0.0786052
-0.0248906
-0.00724846
-0.00198086
-0.000530058
-0.000157895
-6.72912e-05
-4.61698e-05
-4.1762e-05
-4.01239e-05
-3.95151e-05
-4.93059e-05
-7.0437e-05
-5.36612
-4.14071
-2.61524
-1.38367
-0.628257
-0.249919
-0.088746
-0.0285377
-0.00843285
-0.0023208
-0.00060542
-0.000156046
-4.42624e-05
-1.75686e-05
-1.14239e-05
-9.76713e-06
-8.89935e-06
-1.01126e-05
-1.53131e-05
-5.54104
-4.31427
-2.73569
-1.4511
-0.660744
-0.263934
-0.0942317
-0.0305111
-0.00908876
-0.00252056
-0.000659302
-0.000165825
-4.14404e-05
-1.13437e-05
-4.28352e-06
-2.59077e-06
-2.03661e-06
-2.02699e-06
-3.10202e-06
-5.62313
-4.4043
-2.78421
-1.46802
-0.664386
-0.264132
-0.0940015
-0.0303938
-0.00905623
-0.00251515
-0.000659259
-0.000165439
-4.03209e-05
-9.84878e-06
-2.6449e-06
-9.5587e-07
-5.26006e-07
-4.17131e-07
-5.94684e-07
-5.58594
-4.38048
-2.7409
-1.4248
-0.635553
-0.249412
-0.0877884
-0.0281344
-0.00832624
-0.00230071
-0.000601119
-0.000150443
-3.64427e-05
-8.67205e-06
-2.09525e-06
-5.5711e-07
-1.92323e-07
-1.00455e-07
-1.11573e-07
-5.49961
-4.27889
-2.62662
-1.33437
-0.581727
-0.223545
-0.0772393
-0.0243635
-0.00711433
-0.00194381
-0.000503293
-0.000125025
-3.00837e-05
-7.08915e-06
-1.66536e-06
-4.00813e-07
-1.06136e-07
-3.53833e-08
-2.26567e-08
-5.481
-4.22084
-2.52515
-1.24367
-0.52543
-0.196037
-0.0659409
-0.0203084
-0.00580631
-0.00155708
-0.000396631
-9.71168e-05
-2.30701e-05
-5.37028e-06
-1.24254e-06
-2.89383e-07
-6.98184e-08
-1.83977e-08
-6.2267e-09
-5.24248
-4.01802
-2.33994
-1.11278
-0.453179
-0.163197
-0.0531196
-0.0158797
-0.00442056
-0.0011575
-0.000288677
-6.93598e-05
-1.62004e-05
-3.71398e-06
-8.46954e-07
-1.93799e-07
-4.52375e-08
-1.09831e-08
-2.60312e-09
-4.89429
-3.72252
-2.10133
-0.959974
-0.374763
-0.129519
-0.0405633
-0.0117058
-0.00315644
-0.000803161
-0.000195258
-4.5852e-05
-1.04919e-05
-2.3612e-06
-5.29497e-07
-1.19189e-07
-2.72919e-08
-6.41877e-09
-1.34708e-09
-4.44834
-3.34901
-1.82667
-0.798559
-0.297527
-0.0982165
-0.0294542
-0.00816615
-0.00212314
-0.000522727
-0.000123389
-2.82187e-05
-6.30566e-06
-1.38912e-06
-3.0558e-07
-6.75723e-08
-1.52075e-08
-3.50777e-09
-7.08347e-10
-3.82482
-2.85545
-1.50831
-0.631929
-0.224783
-0.0708307
-0.0203123
-0.0054008
-0.00135126
-0.000321307
-7.35244e-05
-1.63569e-05
-3.56719e-06
-7.6925e-07
-1.66103e-07
-3.61345e-08
-8.01657e-09
-1.82694e-09
-3.67488e-10
-2.9391
-2.1146
-1.06152
-0.420399
-0.141283
-0.0421356
-0.0114658
-0.00289967
-0.000691327
-0.000156837
-3.42753e-05
-7.28684e-06
-1.51972e-06
-3.1375e-07
-6.49781e-08
-1.36036e-08
-2.92762e-09
-6.65004e-10
-1.50113e-10
-1.97189
-1.51752
-0.812702
-0.339731
-0.119323
-0.0369467
-0.0104252
-0.0027415
-0.000683913
-0.0001638
-3.80858e-05
-8.69226e-06
-1.95948e-06
-4.39466e-07
-9.88452e-08
-2.2505e-08
-5.23484e-09
-1.30978e-09
-4.33671e-10
-0.619801
-0.492379
-0.295736
-0.14009
-0.0552645
-0.0189821
-0.00587263
-0.00167587
-0.000450061
-0.000115371
-2.86021e-05
-6.94779e-06
-1.66564e-06
-3.96955e-07
-9.46118e-08
-2.26697e-08
-5.5091e-09
-1.47564e-09
-5.9617e-10
0.8028
0.579927
0.254418
0.0768511
0.0154295
0.000924119
-0.000885078
-0.000541664
-0.000212437
-6.91365e-05
-2.02017e-05
-5.53821e-06
-1.4563e-06
-3.73196e-07
-9.39171e-08
-2.3061e-08
-5.49208e-09
-1.49163e-09
-8.94709e-10
2.14215
1.62586
0.834247
0.32661
0.104181
0.0279556
0.00635014
0.00118698
0.000159947
3.29451e-06
-7.50571e-06
-3.58848e-06
-1.21491e-06
-3.56625e-07
-9.51817e-08
-2.21098e-08
-3.51751e-09
-2.08624e-10
-1.26847e-09
3.18885
2.47283
1.3576
0.582202
0.206953
0.0631105
0.0168256
0.00394723
0.000808532
0.000138734
1.72587e-05
9.32332e-08
-9.04129e-07
-4.16478e-07
-1.37995e-07
-3.5004e-08
-2.84496e-09
3.46656e-09
-2.01603e-09
4.06705
3.18385
1.84228
0.84984
0.328686
0.110012
0.0325124
0.00858111
0.00203141
0.000427236
7.76087e-05
1.06748e-05
2.98527e-07
-5.6164e-07
-3.16189e-07
-1.24548e-07
-3.2502e-08
2.34202e-09
-6.412e-09
4.5308
3.59055
2.1842
1.07932
0.451883
0.164968
0.0535874
0.0157022
0.00419083
0.00102052
0.000226348
4.4159e-05
6.61333e-06
8.13727e-08
-5.80753e-07
-3.97068e-07
-1.87302e-07
-5.34069e-08
-3.14937e-08
4.85217
3.90264
2.48532
1.30818
0.589642
0.233645
0.0830668
0.0269147
0.00805894
0.00225145
0.000594873
0.000149139
3.52195e-05
7.37074e-06
9.84615e-07
-3.17182e-07
-3.94041e-07
-2.14457e-07
-1.07424e-07
5.06067
4.11016
2.72324
1.51867
0.734078
0.315032
0.122513
0.0439337
0.0147873
0.00474785
0.00148944
0.000466797
0.000149981
5.04406e-05
1.81161e-05
6.78247e-06
2.67475e-06
1.21718e-06
9.05142e-07
5.05626
4.11366
2.80243
1.63343
0.833581
0.380016
0.157526
0.0602629
0.0215965
0.00734494
0.00241773
0.000785659
0.000258921
8.91761e-05
3.33981e-05
1.34402e-05
5.7597e-06
2.50706e-06
1.63497e-06
4.92727
4.04088
2.84575
1.74859
0.95519
0.472046
0.214461
0.0908019
0.036315
0.0138746
0.00513515
0.00186615
0.000674557
0.000245911
9.216e-05
3.5405e-05
1.34699e-05
3.66716e-06
-1.8648e-06
4.75996
3.91275
2.81225
1.78879
1.02307
0.534527
0.258985
0.117877
0.0510549
0.0212734
0.00863266
0.00345571
0.00137875
0.000554537
0.000227955
9.63187e-05
4.15619e-05
1.69823e-05
3.75365e-06
4.27543
3.43921
2.44374
1.54839
0.887437
0.466969
0.228883
0.105821
0.0467435
0.0199414
0.00831676
0.00343558
0.00141991
0.00059367
0.000254351
0.000112055
5.00307e-05
2.0624e-05
3.96973e-06
3.60359
2.89487
2.06658
1.32299
0.769903
0.413104
0.207234
0.0983746
0.0447438
0.0197047
0.0085033
0.00364252
0.00156425
0.000680776
0.000304005
0.000139619
6.4837e-05
2.76526e-05
5.52129e-06
2.90146
2.33456
1.67384
1.07987
0.635367
0.345731
0.176372
0.0853591
0.0396767
0.0178966
0.00792743
0.00349294
0.00154591
0.000694575
0.000320627
0.000152225
7.28912e-05
3.18291e-05
6.32986e-06
2.13553
1.71657
1.23352
0.800068
0.474603
0.261036
0.134913
0.0662909
0.0313458
0.0144096
0.00651653
0.00293639
0.00133114
0.00061344
0.000290737
0.000141738
6.96009e-05
3.11289e-05
6.54369e-06
1.32514
1.05766
0.758471
0.492593
0.293321
0.162271
0.0845028
0.0418995
0.0200209
0.00931246
0.00426654
0.00195003
0.000897641
0.000420454
0.000202671
0.000100457
5.00272e-05
2.25108e-05
4.48617e-06
0.503284
0.396457
0.282241
0.18245
0.108287
0.0597598
0.0310607
0.0153767
0.00733732
0.00340856
0.00155963
0.000711904
0.000327255
0.00015306
7.3649e-05
3.64006e-05
1.7988e-05
7.85349e-06
1.08273e-06
-0.503031
-0.395924
-0.281642
-0.181932
-0.107907
-0.059512
-0.0309126
-0.0152939
-0.00729315
-0.00338584
-0.00154817
-0.000706165
-0.000324375
-0.000151595
-7.28848e-05
-3.5993e-05
-1.777e-05
-7.74767e-06
-1.05705e-06
-1.3249
-1.0572
-0.757972
-0.492178
-0.293026
-0.162085
-0.0843949
-0.0418407
-0.0199902
-0.00929705
-0.00425892
-0.00194629
-0.000895791
-0.000419528
-0.000202195
-0.000100208
-4.98974e-05
-2.24526e-05
-4.48035e-06
-2.13528
-1.71614
-1.23308
-0.799733
-0.474381
-0.260906
-0.134842
-0.0662542
-0.0313276
-0.0144008
-0.00651239
-0.00293444
-0.00133022
-0.000612992
-0.000290514
-0.000141624
-6.95412e-05
-3.10978e-05
-6.52912e-06
-2.90125
-2.33426
-1.67362
-1.07975
-0.635329
-0.345732
-0.176385
-0.0853712
-0.0396852
-0.0179018
-0.00793029
-0.00349446
-0.0015467
-0.000694982
-0.000320838
-0.000152337
-7.29512e-05
-3.18594e-05
-6.33915e-06
-3.60341
-2.89469
-2.06655
-1.32308
-0.770037
-0.413226
-0.207321
-0.0984295
-0.0447749
-0.0197212
-0.00851162
-0.0036466
-0.00156621
-0.000681718
-0.000304461
-0.000139844
-6.49491e-05
-2.77039e-05
-5.5328e-06
-4.27533
-3.43919
-2.44393
-1.54872
-0.887766
-0.467227
-0.229054
-0.105922
-0.046798
-0.0199689
-0.00832997
-0.0034417
-0.00142267
-0.000594912
-0.000254912
-0.000112313
-5.01499e-05
-2.06745e-05
-3.97923e-06
-4.75979
-3.91243
-2.81204
-1.78873
-1.02311
-0.534591
-0.259041
-0.117916
-0.0510777
-0.0212853
-0.0086384
-0.00345835
-0.00137992
-0.000555057
-0.00022819
-9.64291e-05
-4.16137e-05
-1.70033e-05
-3.75384e-06
-4.92786
-4.04284
-2.84869
-1.75161
-0.957621
-0.473681
-0.215421
-0.091308
-0.0365601
-0.0139855
-0.00518297
-0.00188614
-0.000682776
-0.0002493
-9.35899e-05
-3.60378e-05
-1.37693e-05
-3.81615e-06
1.81448e-06
-5.0559
-4.11345
-2.80273
-1.634
-0.834098
-0.380356
-0.157704
-0.060339
-0.0216235
-0.00735244
-0.00241897
-0.00078541
-0.000258557
-8.89568e-05
-3.33055e-05
-1.34187e-05
-5.77068e-06
-2.53837e-06
-1.70885e-06
-5.06089
-4.11123
-2.72494
-1.52033
-0.735284
-0.315743
-0.122873
-0.0440953
-0.0148542
-0.00477418
-0.00149961
-0.000470758
-0.00015157
-5.11041e-05
-1.84092e-05
-6.91957e-06
-2.7443e-06
-1.26357e-06
-9.81622e-07
-4.85229
-3.90355
-2.4868
-1.30956
-0.590571
-0.234148
-0.0832971
-0.0270077
-0.00809308
-0.00226313
-0.000598667
-0.000150298
-3.55301e-05
-7.41894e-06
-9.59885e-07
3.54728e-07
4.25024e-07
2.36001e-07
1.2427e-07
-4.53095
-3.5915
-2.1856
-1.08052
-0.452628
-0.165336
-0.0537406
-0.015758
-0.0042091
-0.00102597
-0.000227815
-4.44806e-05
-6.63817e-06
-4.51797e-08
6.19135e-07
4.25879e-07
2.04916e-07
6.23547e-08
4.69906e-08
-4.06722
-3.1848
-1.84356
-0.850847
-0.329254
-0.110267
-0.0326085
-0.0086126
-0.0020406
-0.000429621
-7.81355e-05
-1.07515e-05
-2.87966e-07
5.78776e-07
3.27371e-07
1.30481e-07
3.44855e-08
-3.02373e-09
1.13295e-08
-3.18903
-2.4737
-1.35865
-0.58295
-0.207335
-0.0632656
-0.0168785
-0.0039629
-0.000812626
-0.000139661
-1.74267e-05
-1.08793e-07
9.08132e-07
4.18317e-07
1.37223e-07
3.3306e-08
9.26468e-10
-5.37114e-09
2.97227e-09
-2.14241
-1.62666
-0.835066
-0.327119
-0.104412
-0.0280396
-0.0063759
-0.00119384
-0.000161536
-3.60149e-06
7.46312e-06
3.58662e-06
1.21451e-06
3.54496e-07
9.26475e-08
2.00066e-08
1.98147e-09
-8.65835e-10
1.37065e-09
-0.803094
-0.580562
-0.254945
-0.0771278
-0.0155376
-0.000958308
0.000875925
0.000539562
0.000212039
6.90859e-05
2.02023e-05
5.53998e-06
1.4554e-06
3.71408e-07
9.22965e-08
2.19097e-08
4.76543e-09
1.06427e-09
8.88135e-10
0.61916
0.491395
0.295102
0.139818
0.0551752
0.0189577
0.00586689
0.00167468
0.000449845
0.000115338
2.8597e-05
6.94559e-06
1.66381e-06
3.95574e-07
9.36939e-08
2.21212e-08
5.20818e-09
1.32308e-09
5.84169e-10
1.97183
1.51793
0.813183
0.340025
0.119451
0.036992
0.0104392
0.00274548
0.000684972
0.000164068
3.81496e-05
8.70603e-06
1.96178e-06
4.3948e-07
9.85781e-08
2.23134e-08
5.13236e-09
1.26215e-09
4.27354e-10
2.93857
2.11363
1.06078
0.420024
0.141133
0.0420855
0.011451
0.00289567
0.000690296
0.000156575
3.42073e-05
7.26836e-06
1.51441e-06
3.1214e-07
6.44606e-08
1.34287e-08
2.86686e-09
6.43801e-10
1.43674e-10
3.82498
2.8557
1.5085
0.632019
0.224818
0.0708428
0.0203163
0.00540203
0.00135159
0.000321379
7.35356e-05
1.63571e-05
3.56645e-06
7.68856e-07
1.6595e-07
3.60818e-08
7.99946e-09
1.82149e-09
3.6583e-10
4.44831
3.349
1.82666
0.798548
0.297521
0.0982147
0.0294542
0.00816638
0.00212327
0.000522779
0.000123405
2.82225e-05
6.30649e-06
1.38928e-06
3.05608e-07
6.75763e-08
1.52076e-08
3.50736e-09
7.07941e-10
4.89426
3.72251
2.10133
0.959969
0.374758
0.129517
0.040563
0.0117059
0.00315663
0.00080326
0.000195298
4.58664e-05
1.04966e-05
2.36263e-06
5.29921e-07
1.19311e-07
2.73244e-08
6.42616e-09
1.34733e-09
5.24246
4.01801
2.33994
1.11278
0.453176
0.163194
0.0531188
0.0158797
0.00442079
0.00115766
0.000288755
6.93911e-05
1.62115e-05
3.71765e-06
8.48096e-07
1.94134e-07
4.53184e-08
1.09953e-08
2.59919e-09
5.48099
4.22084
2.52516
1.24367
0.525429
0.196035
0.0659398
0.0203084
0.00580661
0.00155731
0.000396755
9.71696e-05
2.30897e-05
5.37694e-06
1.24466e-06
2.89967e-07
6.98819e-08
1.83602e-08
6.19547e-09
5.4996
4.27889
2.62663
1.33438
0.581726
0.223543
0.0772381
0.0243636
0.0071147
0.00194411
0.000503457
0.000125097
3.01108e-05
7.0985e-06
1.66827e-06
4.01315e-07
1.05665e-07
3.50203e-08
2.2551e-08
5.58593
4.38048
2.74091
1.4248
0.635554
0.249411
0.0877873
0.0281343
0.00832654
0.00230098
0.000601277
0.000150514
3.64704e-05
8.6817e-06
2.09768e-06
5.55626e-07
1.88754e-07
9.87946e-08
1.11582e-07
5.62314
4.4043
2.78422
1.46803
0.664391
0.264132
0.0940009
0.0303935
0.00905629
0.00251527
0.000659343
0.00016548
4.03374e-05
9.85437e-06
2.6427e-06
9.4389e-07
5.08557e-07
4.12023e-07
5.97417e-07
5.54104
4.31426
2.7357
1.45111
0.66075
0.263936
0.094232
0.0305109
0.00908859
0.00252048
0.000659264
0.00016581
4.14369e-05
1.13403e-05
4.26203e-06
2.53363e-06
1.96636e-06
2.01971e-06
3.12396e-06
5.36613
4.14072
2.61525
1.38368
0.628266
0.249924
0.0887478
0.0285377
0.00843249
0.00232049
0.000605241
0.000155971
4.42405e-05
1.75458e-05
1.1326e-05
9.54115e-06
8.66122e-06
1.01453e-05
1.54284e-05
5.17546
3.92479
2.44489
1.2772
0.572533
0.224626
0.0786079
0.0248907
0.00724785
0.00198033
0.000529769
0.000157789
6.7267e-05
4.60797e-05
4.13893e-05
3.93667e-05
3.88568e-05
4.96247e-05
7.08999e-05
4.90509
3.61261
2.194
1.11854
0.489496
0.187413
0.0640312
0.0198352
0.00571036
0.00161064
0.000513111
0.000239914
0.000175936
0.000162471
0.000161851
0.000161811
0.000171827
0.000230418
0.000300488
4.33362
3.08471
1.80872
0.889601
0.375641
0.138855
0.0460068
0.0140488
0.00424019
0.001505
0.000800614
0.000633773
0.000602355
0.00060584
0.000624949
0.000650108
0.00073614
0.000996973
0.00116554
3.81062
2.59713
1.45397
0.68251
0.275589
0.0980468
0.0320738
0.010539
0.00427274
0.00260339
0.00219577
0.00212074
0.00214654
0.0022145
0.00233549
0.00252272
0.00298672
0.00395078
0.00410623
3.19044
2.02001
1.05319
0.462385
0.176997
0.0623472
0.0231138
0.0113008
0.00812054
0.00730252
0.00714724
0.00722376
0.0074456
0.00779087
0.00837302
0.00932147
0.0112483
0.0141883
0.0130894
2.17093
1.21869
0.564993
0.226335
0.0875664
0.0406991
0.0275091
0.0242626
0.0235296
0.0233106
0.0234618
0.0239786
0.0249047
0.0262961
0.0286266
0.0323828
0.0388084
0.0458892
0.0376179
1.11306
0.497631
0.189973
0.0858584
0.0665292
0.0687212
0.072132
0.0734685
0.0737516
0.0737296
0.0744735
0.0763093
0.0794194
0.0841265
0.0919022
0.103819
0.120862
0.132575
0.09702
-0.044659
-0.167748
-0.0643481
0.0731547
0.162973
0.204688
0.219177
0.222232
0.222245
0.22201
0.223988
0.229065
0.237646
0.250793
0.271906
0.301674
0.335537
0.33952
0.22396
-1.12393
-0.578504
-0.0143793
0.358115
0.540392
0.608746
0.626565
0.62634
0.622984
0.620783
0.623785
0.634191
0.652521
0.681095
0.724982
0.77917
0.819009
0.7643
0.463932
-1.82217
-0.424339
0.647178
1.24743
1.50635
1.58709
1.59808
1.58578
1.57154
1.56113
1.55935
1.57135
1.59662
1.638
1.69696
1.75044
1.73176
1.50394
0.879503
-1.72412
0.655408
2.27285
3.09726
3.42257
3.50368
3.49809
3.4623
3.4238
3.39082
3.36438
3.35484
3.3575
3.37207
3.38408
3.34248
3.13505
2.6093
1.61527
-0.60464
2.64799
4.78073
5.81537
6.20475
6.28622
6.26516
6.20271
6.12899
6.05707
5.97395
5.89596
5.81209
5.71575
5.57083
5.32744
4.89111
4.1973
3.17686
0.995312
4.61225
7.03534
8.19333
8.62267
8.70892
8.68482
8.61261
8.51285
8.41078
8.26628
8.09758
7.90328
7.69135
7.47
7.38586
7.70712
9.02531
12.3377
)
;

boundaryField
{
    up
    {
        type            calculated;
        value           nonuniform List<scalar> 
84
(
-12.3378
-3.17687
-1.61519
-0.879451
-0.463949
-0.224003
-0.0970464
-0.0376218
-0.0130833
-0.00409995
-0.00116197
-0.000299027
-7.0437e-05
-1.53131e-05
-3.10202e-06
-5.94684e-07
-1.11573e-07
-2.26567e-08
-6.2267e-09
-2.60312e-09
-1.34708e-09
-7.08347e-10
-3.67488e-10
-1.50113e-10
-2.3847e-10
-3.60883e-10
-6.80233e-10
-1.62282e-09
-5.91519e-09
-2.62399e-08
-1.00439e-07
-2.11467e-07
1.02582e-06
2.61428e-06
-8.75202e-07
3.93624e-06
4.24723e-06
5.82196e-06
6.63587e-06
6.77606e-06
4.65765e-06
1.17283e-06
-1.14653e-06
-4.65069e-06
-6.76166e-06
-6.64477e-06
-5.83352e-06
-4.25678e-06
-3.93668e-06
8.39467e-07
-2.72699e-06
-1.14023e-06
2.27395e-07
1.27942e-07
3.91449e-08
1.01718e-08
2.80015e-09
9.76672e-10
4.26496e-10
2.49428e-10
1.43674e-10
3.6583e-10
7.07941e-10
1.34733e-09
2.59919e-09
6.19547e-09
2.2551e-08
1.11582e-07
5.97417e-07
3.12396e-06
1.54284e-05
7.08999e-05
0.000300488
0.00116554
0.00410623
0.0130894
0.0376179
0.09702
0.22396
0.463932
0.879503
1.61527
3.17686
12.3377
)
;
    }
    low
    {
        type            calculated;
        value           nonuniform List<scalar> 
84
(
-0.804899
0.95265
2.13251
2.14944
1.28395
0.0202373
-1.29116
-2.45482
-3.53553
-4.15026
-4.68769
-5.27568
-5.51878
-5.70526
-5.89309
-5.97491
-5.93894
-5.88092
-5.88831
-5.63842
-5.28949
-4.84583
-4.20034
-3.26337
-2.17894
-0.684047
0.868261
2.30354
3.407
4.33206
4.81452
5.1276
5.33033
5.32003
5.17877
5.01295
4.52695
3.82076
3.07525
2.2636
1.4056
0.535141
-0.534885
-1.40534
-2.26332
-3.07498
-3.82051
-4.52674
-5.01263
-5.1791
-5.31943
-5.33021
-5.1274
-4.81434
-4.33191
-3.40692
-2.30363
-0.868499
0.683368
2.17884
3.26291
4.20046
4.8458
5.28946
5.6384
5.8883
5.88092
5.93893
5.97492
5.89308
5.70527
5.51879
5.27567
4.68772
4.15031
3.53557
2.45486
1.2912
-0.0202079
-1.28393
-2.14944
-2.13251
-0.952661
0.804896
)
;
    }
    left
    {
        type            calculated;
        value           nonuniform List<scalar> 
19
(
-1.09831
-4.98379
-7.66245
-8.9603
-9.45519
-9.56842
-9.55667
-9.49192
-9.38939
-9.28609
-9.12851
-8.93132
-8.70159
-8.45595
-8.20524
-8.15998
-8.69727
-10.6162
-10.6211
)
;
    }
    right
    {
        type            calculated;
        value           nonuniform List<scalar> 
19
(
1.09832
4.98379
7.66245
8.9603
9.45519
9.56842
9.55667
9.49192
9.38939
9.28609
9.12851
8.93132
8.70159
8.45599
8.20534
8.16008
8.69722
10.616
10.621
)
;
    }
    frontAndBackPlanes
    {
        type            empty;
    }
}


// ************************************************************************* //
