/*--------------------------------*- C++ -*----------------------------------*\
  =========                 |
  \\      /  F ield         | OpenFOAM: The Open Source CFD Toolbox
   \\    /   O peration     | Website:  https://openfoam.org
    \\  /    A nd           | Version:  7
     \\/     M anipulation  |
\*---------------------------------------------------------------------------*/
FoamFile
{
    version     2.0;
    format      ascii;
    class       volScalarField;
    location    "0.03";
    object      gradTy;
}
// * * * * * * * * * * * * * * * * * * * * * * * * * * * * * * * * * * * * * //

dimensions      [0 -1 0 1 0 0 0];

internalField   nonuniform List<scalar> 
1596
(
-2.80458
-4.31908
-4.953
-5.32206
-5.57189
-5.87634
-6.15845
-6.50411
-6.89291
-7.27925
-7.81464
-8.36837
-9.07192
-10.0338
-11.6784
-14.4792
-20.2059
-31.6457
-74.3368
-7.25161
-7.1327
-6.25838
-5.54755
-5.11696
-4.99559
-5.01747
-5.17435
-5.41409
-5.66729
-6.04904
-6.46165
-6.99498
-7.69318
-8.81297
-10.456
-13.341
-18.1006
-32.3932
-10.9102
-9.02675
-6.87245
-5.29551
-4.32054
-3.84278
-3.63773
-3.62391
-3.72213
-3.85572
-4.09513
-4.36906
-4.73636
-5.21959
-5.99298
-7.08888
-8.94249
-11.8783
-18.68
-13.4897
-10.3251
-7.26799
-5.06388
-3.68098
-2.92558
-2.54042
-2.39136
-2.37817
-2.42129
-2.55154
-2.7163
-2.94982
-3.26327
-3.76863
-4.47388
-5.64479
-7.47416
-11.0877
-15.0425
-11.2349
-7.64654
-5.02078
-3.33752
-2.36624
-1.83765
-1.58285
-1.48561
-1.46355
-1.5169
-1.60412
-1.74072
-1.93012
-2.23969
-2.66982
-3.38288
-4.50633
-6.55865
-15.7667
-11.8558
-8.04357
-5.15869
-3.25468
-2.11064
-1.46245
-1.12109
-0.958422
-0.888269
-0.888701
-0.923396
-0.9944
-1.0996
-1.27669
-1.52432
-1.94118
-2.61342
-3.80017
-15.8958
-12.2294
-8.42245
-5.40746
-3.34602
-2.06156
-1.30975
-0.893558
-0.67676
-0.568814
-0.532059
-0.53166
-0.56032
-0.612059
-0.705863
-0.840363
-1.07475
-1.46495
-2.14216
-15.6365
-12.3722
-8.72362
-5.68383
-3.52336
-2.12937
-1.28884
-0.80696
-0.543559
-0.404161
-0.340093
-0.315938
-0.317987
-0.337539
-0.382298
-0.450994
-0.578103
-0.797436
-1.17319
-15.1661
-12.3722
-8.96173
-5.96339
-3.74443
-2.26314
-1.34415
-0.802176
-0.496332
-0.328833
-0.243109
-0.201986
-0.187178
-0.187953
-0.205331
-0.237759
-0.304257
-0.423522
-0.625072
-14.5524
-12.1584
-9.01973
-6.13096
-3.91371
-2.38756
-1.41563
-0.828588
-0.489324
-0.299209
-0.197006
-0.143872
-0.118466
-0.108603
-0.111362
-0.124568
-0.157763
-0.220254
-0.324633
-14.0359
-11.8741
-8.95654
-6.19359
-4.01462
-2.47766
-1.47707
-0.860692
-0.497802
-0.29098
-0.176824
-0.115355
-0.0833254
-0.067553
-0.0627875
-0.0661328
-0.0815241
-0.112904
-0.16503
-13.5468
-11.5987
-8.85873
-6.20688
-4.07334
-2.54046
-1.52514
-0.89004
-0.51084
-0.292021
-0.16939
-0.102195
-0.0660142
-0.0469541
-0.0383645
-0.0366975
-0.0427247
-0.0575651
-0.082595
-13.0278
-11.2503
-8.6634
-6.12276
-4.05231
-2.54706
-1.53819
-0.900411
-0.515865
-0.292017
-0.165427
-0.0954078
-0.0571881
-0.0365821
-0.0262065
-0.0220761
-0.0232945
-0.0296177
-0.0410913
-12.6404
-10.9101
-8.41261
-5.96273
-3.96072
-2.49926
-1.51428
-0.888237
-0.508724
-0.286679
-0.160507
-0.0903774
-0.0518826
-0.0309574
-0.0199772
-0.0147651
-0.0136335
-0.0157432
-0.0206687
-12.3346
-10.6084
-8.14645
-5.75886
-3.8201
-2.40967
-1.45982
-0.85605
-0.489696
-0.275065
-0.152964
-0.0849967
-0.0476404
-0.0272931
-0.0164392
-0.0109223
-0.0087547
-0.00888699
-0.0107646
-12.0705
-10.3304
-7.86977
-5.52179
-3.64028
-2.28539
-1.37926
-0.806214
-0.459724
-0.257217
-0.14226
-0.0783616
-0.0432999
-0.0242278
-0.0139983
-0.00864391
-0.00614811
-0.00543796
-0.00596037
-11.8844
-10.0749
-7.57869
-5.25227
-3.4249
-2.13063
-1.27607
-0.741151
-0.420248
-0.233833
-0.128563
-0.0702929
-0.0384488
-0.0211908
-0.0119367
-0.00703593
-0.00459387
-0.00360588
-0.00356842
-11.7807
-9.85611
-7.28805
-4.96538
-3.18787
-1.95661
-1.15844
-0.666305
-0.374635
-0.206853
-0.112892
-0.0612398
-0.0331929
-0.0180818
-0.0100106
-0.00572596
-0.00353237
-0.00253679
-0.00230149
-11.6892
-9.68554
-7.0318
-4.69518
-2.9566
-1.78324
-1.03974
-0.590142
-0.32798
-0.179208
-0.0968591
-0.0520401
-0.0279253
-0.0150418
-0.00820895
-0.00459435
-0.00272771
-0.00184132
-0.00156528
-11.604
-9.52603
-6.78109
-4.42551
-2.72413
-1.60874
-0.920444
-0.51381
-0.281395
-0.15174
-0.0810291
-0.0430369
-0.0228335
-0.012155
-0.00654555
-0.00359947
-0.00207909
-0.00134472
-0.00109241
-11.6026
-9.39523
-6.53539
-4.15513
-2.49167
-1.43568
-0.80324
-0.439505
-0.236453
-0.125485
-0.0660455
-0.0346089
-0.0181278
-0.00952846
-0.00506341
-0.00274122
-0.0015497
-0.000971971
-0.000765668
-11.644
-9.30258
-6.31045
-3.89781
-2.26994
-1.27176
-0.693281
-0.370482
-0.19512
-0.101586
-0.0525499
-0.0271043
-0.0139895
-0.00725085
-0.00379967
-0.0020261
-0.00112415
-0.00068831
-0.000531607
-11.6874
-9.24221
-6.11774
-3.6672
-2.06948
-1.12392
-0.594787
-0.309179
-0.158754
-0.0807696
-0.0409184
-0.020709
-0.010505
-0.00535774
-0.00276433
-0.00145045
-0.000789897
-0.000473167
-0.000362263
-11.7077
-9.20318
-5.96183
-3.47129
-1.89618
-0.995209
-0.508995
-0.255887
-0.127252
-0.0628246
-0.0309325
-0.0152455
-0.00754256
-0.003756
-0.00189204
-0.000968653
-0.000513671
-0.000300699
-0.000230806
-11.723
-9.27885
-5.99978
-3.47157
-1.88027
-0.977106
-0.494794
-0.246421
-0.12158
-0.0597042
-0.0293066
-0.0144535
-0.00717663
-0.00359713
-0.0018253
-0.000942488
-0.00050593
-0.000308786
-0.000253809
-11.7138
-9.41702
-6.16975
-3.61062
-1.9737
-1.03263
-0.525373
-0.262416
-0.1297
-0.0637947
-0.0313672
-0.0155146
-0.00773776
-0.00390136
-0.00199078
-0.00103204
-0.000555372
-0.000343185
-0.000287455
-11.6998
-9.54179
-6.37027
-3.80209
-2.11759
-1.12636
-0.580996
-0.293343
-0.146147
-0.0723055
-0.0357037
-0.017729
-0.00888174
-0.00450294
-0.00230941
-0.00119782
-0.000637204
-0.0003863
-0.000337072
-11.6995
-9.65463
-6.59583
-4.04242
-2.31292
-1.26217
-0.666353
-0.343276
-0.173895
-0.0871915
-0.0434935
-0.0217702
-0.0109795
-0.00560116
-0.00288468
-0.00149171
-0.000775318
-0.000447892
-0.000383366
-11.724
-9.78612
-6.86128
-4.33789
-2.56421
-1.44517
-0.786887
-0.417177
-0.216905
-0.111311
-0.0566528
-0.0288594
-0.0147841
-0.00765346
-0.00399252
-0.00207826
-0.00106085
-0.000565481
-0.000418596
-11.8035
-9.94562
-7.15926
-4.67749
-2.8639
-1.67262
-0.943417
-0.517659
-0.278212
-0.147368
-0.077278
-0.0404981
-0.0213211
-0.0113468
-0.00609118
-0.00326202
-0.00168379
-0.000835718
-0.000456608
-11.9786
-10.1675
-7.50822
-5.06862
-3.21578
-1.9483
-1.1405
-0.649613
-0.362423
-0.199263
-0.108416
-0.0589352
-0.0321917
-0.0178093
-0.00998294
-0.00562374
-0.00304929
-0.0015026
-0.000577418
-12.1505
-10.4409
-7.91614
-5.51964
-3.62684
-2.27897
-1.38502
-0.81981
-0.475737
-0.272293
-0.154322
-0.0874351
-0.049825
-0.0288366
-0.0170218
-0.0102327
-0.00600517
-0.00317542
-0.00108977
-12.3909
-10.7784
-8.3748
-6.01864
-4.08866
-2.66168
-1.67872
-1.03287
-0.62401
-0.372384
-0.220308
-0.130421
-0.0777282
-0.0471517
-0.02935
-0.0188999
-0.0121953
-0.00734239
-0.00299023
-12.7538
-11.2069
-8.89961
-6.57685
-4.61251
-3.10961
-2.03647
-1.30448
-0.822624
-0.513714
-0.318933
-0.198597
-0.124801
-0.0800538
-0.0530108
-0.0368457
-0.0266759
-0.0197715
-0.0141216
-13.1836
-11.6615
-9.40675
-7.10127
-5.10752
-3.5424
-2.39218
-1.5833
-1.03342
-0.668745
-0.430811
-0.278342
-0.181339
-0.120278
-0.0821608
-0.0589202
-0.0448513
-0.0366509
-0.031885
-13.7121
-12.1125
-9.82722
-7.4963
-5.46558
-3.85275
-2.64922
-1.78834
-1.1922
-0.7888
-0.520353
-0.344548
-0.23025
-0.156653
-0.109781
-0.0806358
-0.0630687
-0.0534521
-0.049257
-14.373
-12.6098
-10.2256
-7.82653
-5.74129
-4.08104
-2.83488
-1.93646
-1.30834
-0.878573
-0.589305
-0.397483
-0.271199
-0.188868
-0.135893
-0.102598
-0.0823352
-0.0709175
-0.0652335
-14.977
-13.0629
-10.5822
-8.11711
-5.98161
-4.27961
-2.99719
-2.06715
-1.41207
-0.95989
-0.65266
-0.446885
-0.310053
-0.219988
-0.161592
-0.124688
-0.102239
-0.0897175
-0.0836974
-15.4426
-13.4394
-10.8907
-8.37315
-6.19496
-4.45649
-3.14219
-2.18441
-1.50573
-1.03392
-0.710936
-0.492878
-0.346734
-0.249836
-0.186681
-0.146657
-0.122409
-0.109101
-0.10303
-15.8124
-13.7399
-11.1367
-8.57701
-6.3647
-4.5974
-3.25811
-2.27866
-1.58156
-1.09439
-0.759039
-0.531296
-0.377784
-0.275473
-0.208571
-0.166124
-0.14054
-0.126738
-0.120781
-16.085
-13.9566
-11.3091
-8.71697
-6.48012
-4.69308
-3.33711
-2.34334
-1.63404
-1.13665
-0.793014
-0.558747
-0.400252
-0.294275
-0.224849
-0.180793
-0.154359
-0.140291
-0.134479
-16.2814
-14.0798
-11.3939
-8.78104
-6.53191
-4.73639
-3.37362
-2.37393
-1.65944
-1.15754
-0.810133
-0.572823
-0.411961
-0.304224
-0.233587
-0.188774
-0.161976
-0.147853
-0.142213
-16.2815
-14.08
-11.3942
-8.78134
-6.5322
-4.73665
-3.37384
-2.37411
-1.65958
-1.15765
-0.810216
-0.572887
-0.41201
-0.304262
-0.233618
-0.188801
-0.162001
-0.147877
-0.142238
-16.0851
-13.957
-11.3098
-8.71779
-6.48093
-4.69382
-3.33775
-2.34385
-1.63445
-1.13697
-0.793256
-0.558932
-0.400395
-0.294388
-0.224941
-0.180871
-0.154431
-0.140362
-0.134554
-15.8126
-13.7406
-11.1378
-8.57832
-6.366
-4.59858
-3.25911
-2.27948
-1.58221
-1.09489
-0.759419
-0.531584
-0.378005
-0.275646
-0.208711
-0.166243
-0.140648
-0.126844
-0.12089
-15.4428
-13.4403
-10.8921
-8.37487
-6.19668
-4.45805
-3.14351
-2.18548
-1.50657
-1.03456
-0.711418
-0.493241
-0.347009
-0.250048
-0.186852
-0.146801
-0.122538
-0.109225
-0.103156
-14.9773
-13.064
-10.584
-8.11921
-5.9837
-4.28149
-2.99878
-2.06842
-1.41306
-0.960636
-0.653217
-0.447301
-0.310365
-0.220226
-0.16178
-0.124844
-0.102377
-0.0898479
-0.083829
-14.3733
-12.611
-10.2276
-7.82895
-5.74369
-4.08318
-2.83667
-1.93788
-1.30943
-0.879383
-0.589902
-0.397922
-0.271524
-0.189113
-0.136083
-0.102751
-0.0824671
-0.0710389
-0.0653524
-13.7124
-12.114
-9.82973
-7.49927
-5.46852
-3.85536
-2.65137
-1.79003
-1.19347
-0.789745
-0.521043
-0.345051
-0.230619
-0.156927
-0.109992
-0.0808037
-0.0632097
-0.0535759
-0.0493674
-13.1839
-11.6627
-9.40916
-7.10442
-5.11083
-3.54545
-2.39475
-1.58532
-1.03495
-0.669858
-0.431607
-0.278901
-0.181729
-0.120547
-0.0823456
-0.059049
-0.0449487
-0.0367407
-0.0319936
-12.7543
-11.2091
-8.90325
-6.58118
-4.61679
-3.11338
-2.03955
-1.30685
-0.824376
-0.514975
-0.319827
-0.199226
-0.125242
-0.0803648
-0.0532348
-0.0370154
-0.0268169
-0.0199041
-0.0142629
-12.3912
-10.78
-8.37773
-6.0221
-4.092
-2.66452
-1.68094
-1.0345
-0.625158
-0.373168
-0.220833
-0.130768
-0.0779557
-0.047301
-0.0294495
-0.0189698
-0.0122484
-0.00738506
-0.00302099
-12.1507
-10.4425
-7.91892
-5.52285
-3.62983
-2.28142
-1.38687
-0.821115
-0.476619
-0.272871
-0.154693
-0.0876698
-0.0499717
-0.0289282
-0.0170797
-0.0102711
-0.00603212
-0.00319483
-0.00110267
-11.9788
-10.169
-7.51083
-5.07153
-3.2184
-1.95037
-1.142
-0.650628
-0.363082
-0.199678
-0.108672
-0.0590892
-0.0322829
-0.017863
-0.010015
-0.00564407
-0.00306318
-0.00151264
-0.000584729
-11.8037
-9.9471
-7.16168
-4.6801
-2.86616
-1.67434
-0.944612
-0.518436
-0.278697
-0.147661
-0.0774508
-0.0405972
-0.0213767
-0.011378
-0.0061094
-0.00327364
-0.00169183
-0.00084131
-0.000460372
-11.7242
-9.78747
-6.86347
-4.34017
-2.56612
-1.44657
-0.787817
-0.417758
-0.217254
-0.111515
-0.0567672
-0.0289219
-0.0148174
-0.00767172
-0.00400355
-0.00208591
-0.00106635
-0.000568661
-0.000419004
-11.6997
-9.65587
-6.59776
-4.04435
-2.31447
-1.26326
-0.667055
-0.343699
-0.17414
-0.0873288
-0.0435678
-0.021809
-0.0109996
-0.00561222
-0.00289192
-0.00149728
-0.000779451
-0.000449816
-0.000381888
-11.6999
-9.54287
-6.3719
-3.80366
-2.11882
-1.12719
-0.581512
-0.293644
-0.146315
-0.0723968
-0.0357514
-0.0177532
-0.00889432
-0.00451027
-0.00231463
-0.00120204
-0.000640286
-0.000387482
-0.000335183
-11.7139
-9.41788
-6.17102
-3.61182
-1.9746
-1.03323
-0.525734
-0.262621
-0.129812
-0.0638526
-0.0313963
-0.0155293
-0.00774577
-0.0039065
-0.00199466
-0.00103511
-0.000557421
-0.000343822
-0.000285891
-11.723
-9.27907
-6.00012
-3.47189
-1.8805
-0.977259
-0.49489
-0.246475
-0.121607
-0.0597169
-0.0293122
-0.0144567
-0.00717932
-0.00359982
-0.00182786
-0.000944584
-0.00050716
-0.000308964
-0.000252809
-11.7075
-9.20291
-5.96148
-3.47094
-1.8959
-0.99501
-0.508869
-0.255809
-0.127201
-0.0627921
-0.0309126
-0.0152344
-0.00753723
-0.00375398
-0.00189165
-0.000968844
-0.000513782
-0.000300433
-0.000230291
-11.6875
-9.24222
-6.11776
-3.66722
-2.06949
-1.12393
-0.5948
-0.309188
-0.158755
-0.0807663
-0.0409142
-0.0207061
-0.0105038
-0.00535776
-0.00276494
-0.0014512
-0.000790514
-0.000473576
-0.000362612
-11.644
-9.30258
-6.31045
-3.89782
-2.26994
-1.27176
-0.693289
-0.370489
-0.195121
-0.101583
-0.0525449
-0.0271001
-0.0139869
-0.0072498
-0.00379958
-0.00202652
-0.00112479
-0.000689072
-0.000532516
-11.6026
-9.39522
-6.53539
-4.15513
-2.49167
-1.43568
-0.803247
-0.439513
-0.236456
-0.125483
-0.0660402
-0.0346033
-0.0181236
-0.00952602
-0.0050624
-0.00274121
-0.00155036
-0.000973133
-0.000767232
-11.604
-9.52603
-6.78109
-4.42552
-2.72413
-1.60874
-0.92045
-0.51382
-0.281401
-0.151739
-0.0810237
-0.0430298
-0.0228274
-0.0121508
-0.00654331
-0.0035988
-0.00207968
-0.00134634
-0.00109483
-11.6891
-9.68553
-7.0318
-4.69518
-2.9566
-1.78324
-1.03975
-0.590154
-0.32799
-0.17921
-0.0968539
-0.0520317
-0.0279172
-0.0150356
-0.00820523
-0.00459275
-0.00272805
-0.00184342
-0.0015688
-11.7807
-9.8561
-7.28805
-4.96538
-3.18787
-1.95661
-1.15845
-0.666318
-0.374646
-0.206856
-0.112887
-0.0612304
-0.033183
-0.0180737
-0.0100052
-0.00572307
-0.00353215
-0.00253928
-0.00230628
-11.8844
-10.0749
-7.57869
-5.25227
-3.4249
-2.13063
-1.27608
-0.741164
-0.420261
-0.233838
-0.128559
-0.0702832
-0.0384376
-0.0211811
-0.0119296
-0.00703133
-0.00459256
-0.0036084
-0.0035744
-12.0705
-10.3304
-7.86977
-5.5218
-3.64029
-2.2854
-1.37926
-0.806227
-0.459737
-0.257224
-0.142257
-0.0783522
-0.0432884
-0.0242175
-0.0139899
-0.00863721
-0.00614495
-0.00543973
-0.00596684
-12.3346
-10.6084
-8.14645
-5.75886
-3.82011
-2.40968
-1.45983
-0.856062
-0.489708
-0.275071
-0.152962
-0.0849886
-0.0476303
-0.0272839
-0.0164304
-0.0109133
-0.00874874
-0.00888663
-0.0107697
-12.6404
-10.9101
-8.41261
-5.96274
-3.96073
-2.49928
-1.51429
-0.888249
-0.508735
-0.286685
-0.160507
-0.0903721
-0.0518764
-0.0309521
-0.0199702
-0.0147542
-0.0136237
-0.0157388
-0.0206691
-13.0278
-11.2503
-8.6634
-6.12277
-4.05233
-2.54708
-1.5382
-0.900422
-0.515874
-0.292023
-0.165429
-0.0954075
-0.0571891
-0.0365845
-0.0262041
-0.0220641
-0.0232805
-0.0296071
-0.041082
-13.5468
-11.5986
-8.85872
-6.20688
-4.07336
-2.54048
-1.52516
-0.890048
-0.510845
-0.292026
-0.169395
-0.102202
-0.0660255
-0.0469676
-0.0383696
-0.0366864
-0.0427071
-0.0575475
-0.0825716
-14.0359
-11.8741
-8.95655
-6.19361
-4.01464
-2.47768
-1.47708
-0.860697
-0.497805
-0.290984
-0.176833
-0.115369
-0.0833478
-0.0675781
-0.062801
-0.0661249
-0.081506
-0.112882
-0.164993
-14.5524
-12.1584
-9.01975
-6.13098
-3.91374
-2.38758
-1.41564
-0.828586
-0.489322
-0.299213
-0.197017
-0.143892
-0.118495
-0.108634
-0.11138
-0.124566
-0.157749
-0.220234
-0.32459
-15.166
-12.3722
-8.96174
-5.96341
-3.74445
-2.26315
-1.34414
-0.802167
-0.496325
-0.328836
-0.243123
-0.202009
-0.187204
-0.187976
-0.205345
-0.237764
-0.304254
-0.423512
-0.625044
-15.6365
-12.3722
-8.72363
-5.68384
-3.52336
-2.12937
-1.28883
-0.806948
-0.543552
-0.404167
-0.340109
-0.315957
-0.317999
-0.337539
-0.382297
-0.451003
-0.578109
-0.797437
-1.1732
-15.8958
-12.2294
-8.42246
-5.40746
-3.34602
-2.06155
-1.30974
-0.893548
-0.676759
-0.568827
-0.532081
-0.531675
-0.560314
-0.612031
-0.705842
-0.840373
-1.07475
-1.46495
-2.14219
-15.7667
-11.8558
-8.04358
-5.15869
-3.25467
-2.11063
-1.46244
-1.12108
-0.95843
-0.88829
-0.888727
-0.923409
-0.994383
-1.09956
-1.27665
-1.52432
-1.94118
-2.6134
-3.80019
-15.0425
-11.2349
-7.64654
-5.02077
-3.33751
-2.36623
-1.83763
-1.58285
-1.48562
-1.46357
-1.51693
-1.60413
-1.74071
-1.93008
-2.23966
-2.66982
-3.38288
-4.5063
-6.55863
-13.4897
-10.3251
-7.26799
-5.06388
-3.68097
-2.92557
-2.54041
-2.39135
-2.37817
-2.42131
-2.55156
-2.71631
-2.94981
-3.26324
-3.76862
-4.47388
-5.6448
-7.47417
-11.0877
-10.9103
-9.02677
-6.87245
-5.2955
-4.32053
-3.84277
-3.63771
-3.6239
-3.72213
-3.85573
-4.09514
-4.36907
-4.73636
-5.21956
-5.99295
-7.08886
-8.94249
-11.8784
-18.6801
-7.25163
-7.13271
-6.25838
-5.54755
-5.11695
-4.99558
-5.01746
-5.17434
-5.41409
-5.6673
-6.04905
-6.46167
-6.99499
-7.69318
-8.81296
-10.456
-13.341
-18.1006
-32.3932
-2.80459
-4.31909
-4.953
-5.32206
-5.57189
-5.87634
-6.15844
-6.5041
-6.8929
-7.27925
-7.81464
-8.36838
-9.07193
-10.0338
-11.6784
-14.4791
-20.2059
-31.6457
-74.3369
)
;

boundaryField
{
    up
    {
        type            calculated;
        value           nonuniform List<scalar> 
84
(
-67.4954
-35.9991
-20.7144
-12.2969
-7.27875
-4.21883
-2.37756
-1.30092
-0.691885
-0.358498
-0.181599
-0.0904339
-0.0446834
-0.0222437
-0.0114108
-0.006193
-0.00362434
-0.00228742
-0.00152813
-0.00105248
-0.000731312
-0.000506179
-0.00034659
-0.00022297
-0.000254665
-0.000301645
-0.000369809
-0.000413362
-0.000408421
-0.000329864
-0.000177589
-0.000101521
-0.00121649
-0.0128383
-0.0316254
-0.0484943
-0.0636054
-0.0820579
-0.101492
-0.119392
-0.133224
-0.141077
-0.141103
-0.1333
-0.119503
-0.101621
-0.0821916
-0.0637246
-0.0485958
-0.0317347
-0.0129972
-0.00124701
-0.000111862
-0.000184074
-0.000333566
-0.000408101
-0.000410216
-0.000365995
-0.000298443
-0.000252724
-0.000222359
-0.000346968
-0.000507172
-0.000733036
-0.0010552
-0.00153217
-0.00229312
-0.00363178
-0.00620164
-0.0114188
-0.0222469
-0.0446756
-0.0904079
-0.181552
-0.35844
-0.691839
-1.30091
-2.37761
-4.21889
-7.27875
-12.2969
-20.7144
-35.9992
-67.4955
)
;
    }
    low
    {
        type            calculated;
        value           nonuniform List<scalar> 
84
(
-3.22213
-8.1072
-12.2301
-15.1628
-16.9003
-17.6349
-17.6355
-17.183
-16.4601
-15.5948
-14.9669
-14.3777
-13.7256
-13.286
-12.9672
-12.6747
-12.4801
-12.4254
-12.3602
-12.2562
-12.276
-12.3631
-12.4391
-12.4917
-12.4105
-12.2988
-12.2041
-12.1786
-12.2003
-12.3117
-12.5204
-12.6742
-12.9117
-13.2948
-13.742
-14.3293
-15.0993
-15.7633
-16.2547
-16.6476
-16.9408
-17.1777
-17.1778
-16.9408
-16.6476
-16.2547
-15.7633
-15.0993
-14.3293
-13.7416
-13.2948
-12.9114
-12.6738
-12.52
-12.3113
-12.1998
-12.1782
-12.2037
-12.2986
-12.4104
-12.4919
-12.439
-12.3631
-12.276
-12.2562
-12.3602
-12.4254
-12.4801
-12.6747
-12.9672
-13.2859
-13.7256
-14.3777
-14.9668
-15.5947
-16.4601
-17.183
-17.6355
-17.6349
-16.9003
-15.1629
-12.2301
-8.10722
-3.22213
)
;
    }
    left
    {
        type            calculated;
        value           nonuniform List<scalar> 
19
(
-2.86459
-4.48133
-5.22138
-5.67242
-5.98027
-6.33319
-6.65362
-7.04092
-7.46997
-7.90019
-8.49083
-9.09304
-9.85725
-10.9146
-12.7281
-15.8779
-22.424
-35.7086
-69.7706
)
;
    }
    right
    {
        type            calculated;
        value           nonuniform List<scalar> 
19
(
-2.8646
-4.48133
-5.22138
-5.67242
-5.98026
-6.33318
-6.65362
-7.04091
-7.46996
-7.90019
-8.49083
-9.09305
-9.85727
-10.9147
-12.7281
-15.8778
-22.4239
-35.7085
-69.7706
)
;
    }
    frontAndBackPlanes
    {
        type            empty;
    }
}


// ************************************************************************* //
